,ctx-lh-bankssts,ctx-lh-caudalanteriorcingulate,ctx-lh-caudalmiddlefrontal,ctx-lh-cuneus,ctx-lh-entorhinal,ctx-lh-fusiform,ctx-lh-inferiorparietal,ctx-lh-inferiortemporal,ctx-lh-isthmuscingulate,ctx-lh-lateraloccipital,ctx-lh-lateralorbitofrontal,ctx-lh-lingual,ctx-lh-medialorbitofrontal,ctx-lh-middletemporal,ctx-lh-parahippocampal,ctx-lh-paracentral,ctx-lh-parsopercularis,ctx-lh-parsorbitalis,ctx-lh-parstriangularis,ctx-lh-pericalcarine,ctx-lh-postcentral,ctx-lh-posteriorcingulate,ctx-lh-precentral,ctx-lh-precuneus,ctx-lh-rostralanteriorcingulate,ctx-lh-rostralmiddlefrontal,ctx-lh-superiorfrontal,ctx-lh-superiorparietal,ctx-lh-superiortemporal,ctx-lh-supramarginal,ctx-lh-frontalpole,ctx-lh-temporalpole,ctx-lh-transversetemporal,ctx-lh-insula,ctx-rh-bankssts,ctx-rh-caudalanteriorcingulate,ctx-rh-caudalmiddlefrontal,ctx-rh-cuneus,ctx-rh-entorhinal,ctx-rh-fusiform,ctx-rh-inferiorparietal,ctx-rh-inferiortemporal,ctx-rh-isthmuscingulate,ctx-rh-lateraloccipital,ctx-rh-lateralorbitofrontal,ctx-rh-lingual,ctx-rh-medialorbitofrontal,ctx-rh-middletemporal,ctx-rh-parahippocampal,ctx-rh-paracentral,ctx-rh-parsopercularis,ctx-rh-parsorbitalis,ctx-rh-parstriangularis,ctx-rh-pericalcarine,ctx-rh-postcentral,ctx-rh-posteriorcingulate,ctx-rh-precentral,ctx-rh-precuneus,ctx-rh-rostralanteriorcingulate,ctx-rh-rostralmiddlefrontal,ctx-rh-superiorfrontal,ctx-rh-superiorparietal,ctx-rh-superiortemporal,ctx-rh-supramarginal,ctx-rh-frontalpole,ctx-rh-temporalpole,ctx-rh-transversetemporal,ctx-rh-insula,Left-Amygdala,Right-Amygdala,Left-Hippocampus,Right-Hippocampus
ctx-lh-bankssts,0.0,87.32124598286491,75.1398695766768,68.51277253184256,62.545983084447556,39.56008088970496,37.8549864614954,31.38470965295043,58.66003750424986,45.09988913511872,79.21575979563663,60.71243694664216,103.96634070698073,26.324893162176366,46.57252408878007,79.46068210127572,67.27555276621665,94.50925880568528,79.25276020429824,62.96824596572466,56.293871780150276,69.2098258919931,63.90618123468183,64.1482657598785,99.02524930541705,100.18482919085105,99.86991538997117,68.18357573492314,38.13135192987524,34.36568055487916,119.91246807567593,77.33692520394123,22.494443758403985,59.95831885568507,106.02358228243375,90.49861877399013,120.86769626331099,71.03520254071216,94.32921074619463,92.52567211320326,109.1833320612629,121.99180300331658,60.876925020897694,103.86529738079028,114.78675881825394,66.19667665374146,110.51696702316798,128.00781226159597,80.52949770115296,84.2436941260294,128.03905654135383,135.66502865514016,133.96268137059664,81.12336284942828,120.37856952132302,71.11258679024411,119.31051923447488,73.71566997592845,101.61200716450787,134.08206442324789,116.49892703368559,93.19871243745806,127.23600119463045,124.91997438360288,127.33027919548437,121.33836985883731,102.9465880930495,114.27160627207444,57.043842787806646,90.45440840556087,40.718546143004666,90.29950165975447
ctx-lh-caudalanteriorcingulate,87.32124598286491,0.0,47.10626285325551,103.24243313676794,65.52098900352466,89.20762299265685,101.59724405711013,91.24691775616314,69.03622237637282,118.41030360572512,52.7116362864975,98.08669634563088,47.05316142407437,91.9565114605812,69.87131027825369,60.22457969965419,55.74047003748713,63.97655820689325,55.46169849544819,113.03096920755833,73.98648525237566,40.53393639902249,62.26556030423239,82.52272414311103,27.65863337187866,46.34652090502587,34.336569426778794,93.34880824091971,72.72551134230683,85.74380444090407,59.21148537234985,66.75327707311455,66.85057965343307,51.710733895391584,84.34453153583817,5.0,48.27007354458868,102.43534546239398,68.0808343074613,93.11283477587824,101.23240587875011,97.92343948207701,69.0724257573165,118.98319209031165,55.47071299343465,94.51454914456292,47.50789408087881,93.52539762011173,70.14271166700073,57.51521537819362,60.14149981501958,67.54257916307313,61.91122676865643,109.43491216243562,74.73954776421918,38.44476557348217,63.48228099241551,79.75587752636166,29.223278392404914,51.35172830587107,34.19064199455752,93.70699013414101,81.44937077718895,88.32893070789434,59.74947698515862,75.8023746329889,67.68308503607086,56.52433104425032,59.87486951969081,61.326992425847855,65.24568951279464,67.0
ctx-lh-caudalmiddlefrontal,75.1398695766768,47.10626285325551,0.0,112.30316113093166,85.14693182963201,97.30878685915265,89.29165694509202,86.72369918309528,82.05485969764375,114.25410277097274,60.16374822100099,110.69778678907723,77.18160402582988,78.86063656856949,84.43340571124678,64.31174076325411,30.72458299147443,66.19667665374146,46.50806381693394,119.9458211026962,45.880278987817846,57.41080037762929,32.71085446759225,85.0,62.369864518050704,46.76537180435969,31.496031496047245,84.19619943916709,56.19608527290847,61.27805479941412,82.87943049997388,83.25262758616091,55.37147279962851,52.392747589718944,119.26860441876563,51.710733895391584,88.14193099768123,113.28724553099524,104.51794104363135,123.32477447779907,127.13378779852349,137.7171013345837,82.89752710425083,141.9506956657839,95.46727187890099,110.80613701415639,83.15046602394962,135.49907748763457,101.99509792141973,66.89544080129826,106.08487168300671,113.14150432091665,108.8577052853862,125.58264211267415,104.86658190291128,57.905094767213704,96.21330469326995,91.40021881811882,67.56478372643548,95.38343671728336,63.45076831686122,104.41264291262816,125.1119498689074,123.03251602726817,92.26592003551474,117.42657280190033,105.70714261581381,102.39140588936164,76.01315675591957,98.68130522039117,74.14849964766651,103.52777405121778
ctx-lh-cuneus,68.51277253184256,103.24243313676794,112.30316113093166,0.0,88.3742043811428,51.07837115648854,48.79549159502341,86.37708029332781,34.36568055487916,46.36809247747852,122.30370640336294,22.93468988235943,130.54118124178285,91.58056562393574,66.61080993352356,68.43975452907469,118.13551540497888,140.84743519141554,127.98046725965646,21.42428528562855,83.55237878121723,66.48308055437865,90.93954035511726,35.62302626111375,121.81132952233959,139.00719405843714,125.29964086141668,53.150729063673246,99.54898291795854,74.31688906298487,150.65523555456014,114.27598172844546,76.8505042273634,106.30616162763097,66.30987860040162,103.31505214633539,108.07867504739313,4.242640687119285,96.29122493768578,59.80802621722272,52.028838157314254,93.02687783646186,34.583232931581165,43.79497688091638,128.5379321445619,25.41653005427767,131.4610208388783,97.05668446840743,67.96322535018479,70.39176088151227,113.05750749065716,135.9154148726332,127.00393694685216,21.42428528562855,86.49277426467485,68.18357573492314,93.74966666607408,33.61547262794322,121.16517651536682,134.40982106974178,121.79490958164057,46.195237849804386,99.82484660644363,81.83520025025906,150.01666574084362,124.16521251944927,73.79701890998037,106.99532700076205,88.48728722251576,88.9831444712986,75.69676347110224,76.4591394144611
ctx-lh-entorhinal,62.545983084447556,65.52098900352466,85.14693182963201,88.3742043811428,0.0,46.57252408878007,90.33825324855468,45.92385001282014,67.7126280689208,86.93675862372602,48.3919063480661,70.15696686716153,57.3149195236284,57.62811813689564,22.9128784747792,93.66963221877195,70.09992867328754,66.36264009214823,64.8459713474939,85.32877591996736,94.76813810558906,69.12307863514182,92.36882591004391,89.86100377805714,61.82232606429493,80.05623023850174,92.57429448826494,106.061303028013,54.7905101272109,86.72369918309528,77.22046360907191,27.586228448267445,51.980765673468106,41.02438299353203,81.27115109311545,66.76825593049439,96.13012014972206,87.78382538941898,37.603191353926334,65.30696746902278,103.4842983258813,79.8373346248483,68.97825744392213,99.498743710662,60.530983801686226,68.60029154456998,61.72519744804386,87.4414089547967,42.43819034784589,93.40770846134703,89.83317872590283,83.55237878121723,88.75809822207775,87.64131445842195,109.00917392586736,68.4178339323893,104.20652570736632,87.39565206576354,61.587336360651285,94.89994731294638,98.40731680114035,108.89444430272832,87.6184911990614,106.45656391223605,79.73079706111058,62.056425936400814,74.47147104764348,67.03730304837748,9.695359714832659,38.7556447501522,22.045407685048602,48.394214530251446
ctx-lh-fusiform,39.56008088970496,89.20762299265685,97.30878685915265,51.07837115648854,46.57252408878007,0.0,54.71745608121781,39.64845520319802,47.391982444291145,41.701318923986086,85.6413253050185,32.046840717924134,100.0399920031984,50.695167422546305,24.819347291981714,84.85870609430714,89.56003573022959,103.98557592281729,94.64671151181112,41.593268686170845,83.28265125462805,68.85491994040804,88.25531145489205,63.984373092185564,98.06630410084801,112.41885962773328,113.26517558367179,79.41032678436729,62.8887907341205,67.00746227100382,120.00833304400157,71.596089278675,47.02127178203499,69.8426803609369,78.12809993849844,90.5704145954958,112.22299229658778,51.79768334587948,69.14477565225012,57.113921245174545,85.89528508596965,88.74119674649424,49.24428900898052,72.72551134230683,102.10288928331069,35.93048844644336,103.78342834961659,97.73944955850733,50.61620293937506,86.91375035056306,111.40466776576285,119.0546093185812,117.9279441014724,53.34791467339656,108.48963084092415,69.8426803609369,109.38921336219582,64.95382975621992,98.2242332624694,125.13592609638529,118.76447280226525,86.18004409374598,101.34100848126586,104.14413089560064,122.56426885516024,99.1463564635635,79.56758133813042,94.57801012920498,47.4236228055175,66.03786792439622,33.391615714128,62.44197306299666
ctx-lh-inferiorparietal,37.8549864614954,101.59724405711013,89.29165694509202,48.79549159502341,90.33825324855468,54.71745608121781,0.0,67.45368781616021,51.34199061197374,34.713109915419565,110.10184648769521,54.48853090330111,129.88456413292536,63.702433234531945,69.58448102845921,68.27151675479314,93.45052166788584,125.97221915962265,108.71062505569546,48.68264577855234,51.710733895391584,69.77822009767804,64.47480127925948,42.30839160261236,120.54459755625716,124.47489706764172,112.69871339105873,39.64845520319802,72.44998274671983,32.77193921634788,146.69014963520897,109.64488132147346,51.93264869039514,91.07140056021979,104.0096149401583,103.90861369491944,123.69316876852982,52.583267300539625,113.79367293483412,96.04165762834376,95.06839643120105,128.64291663360248,53.03772242470448,91.91844211038392,137.32079230764728,61.065538563088104,134.45073447177595,132.6536844569347,92.05433178292046,74.3370701601832,135.04443713089407,152.48606493709516,145.8800877433243,67.98529252713413,111.52578177264664,72.49827584156743,114.39405578962571,56.43580423808985,122.4499897917513,146.37281168304446,123.5677951571525,70.03570517957252,131.84839779079607,117.11532777565881,151.74979406905302,141.76741515595182,104.35037134576953,127.251719045363,86.0406880493177,107.4197374787334,69.57729514719583,101.45442326483355
ctx-lh-inferiortemporal,31.38470965295043,91.24691775616314,86.72369918309528,86.37708029332781,45.92385001282014,39.64845520319802,67.45368781616021,0.0,75.37904218017101,61.7980582219215,66.89332253670766,70.84490101623405,92.62828941527529,16.55294535724685,38.52272056851645,101.09896141899777,68.4178339323893,81.6394512475433,72.48448109768049,76.90253571892151,82.4378553820998,84.0535543567314,86.21484790916237,88.53247991556545,94.11163583744573,96.90201236300514,107.70793842609746,97.10818709048172,34.68429039204925,63.76519426771944,108.45275469069469,56.83308895353129,34.91418050019218,50.73460357586329,110.61645447219867,94.29209935090002,128.0859086707043,87.92610533851708,82.32253640407346,91.35644476444998,121.8605760695394,117.04272724095249,77.4919350642375,112.23635774560755,103.36827366266692,74.95998932764064,100.09495491781792,125.65428763078481,76.38062581571324,104.27847332982968,129.06974858579372,127.7888884058391,130.88544609695916,92.46621004453465,133.90294993016397,85.00588214941364,131.232617896619,93.9095309327014,96.35351576356723,133.24788928909905,124.37443467208203,115.35597080342222,126.72016414130783,134.6773923121472,116.45600027478189,107.95369377654477,107.12142642814275,109.82258419833327,42.24926034855522,81.93289937503738,30.512292604784715,86.18004409374598
ctx-lh-isthmuscingulate,58.66003750424986,69.03622237637282,82.05485969764375,34.36568055487916,67.7126280689208,47.391982444291145,51.34199061197374,75.37904218017101,0.0,62.13694553162394,93.78708119991794,36.124783736376884,99.9699954986495,79.33473388119481,49.61854492022111,42.1070065428546,89.9166280506559,111.8436408563312,98.8635423197045,47.81213235152768,63.03967004989794,32.69556544854363,65.58200972827838,25.019992006393608,89.05616205518852,106.55515003977987,91.76600677810929,47.07440918375928,78.74642849044012,61.04096984812741,119.17214439624723,90.52071586106685,56.43580423808985,79.25906888173743,54.75399528801528,69.14477565225012,78.12809993849844,33.77869150810907,75.29276193632427,55.749439459065414,52.706735812417755,82.68615361715648,2.23606797749979,60.802960454241045,99.76472322419383,33.95585369269929,100.78194282707592,83.64807230295268,50.65570056765576,43.01162633521314,86.00581375697809,108.11105401391663,98.87871358386495,44.654227123532216,65.49809157525127,34.23448553724738,68.30812543175226,20.024984394500787,88.66791979064357,102.96115772464877,88.30062287436029,42.05948168962618,81.21576201698781,67.82329983125268,118.69288099966232,100.86624807139403,53.301031884945715,80.60397012554654,65.81033353509159,66.47555941848101,55.794264938253285,56.824290580701486
ctx-lh-lateraloccipital,45.09988913511872,118.41030360572512,114.25410277097274,46.36809247747852,86.93675862372602,41.701318923986086,34.713109915419565,61.7980582219215,62.13694553162394,0.0,118.64567670168181,42.42640687119285,137.5027272456805,64.69157595854347,65.07687761409578,93.81897462667133,111.20251795710384,135.7276685130928,122.21702009131134,31.12876483254676,83.77947242612596,88.84818512496471,94.81561052906846,62.96824596572466,132.5971342073425,141.19844191774922,136.0514608521349,69.2314957226839,82.48636250920512,62.0403094769844,156.29779269074788,109.49429208867465,64.77653896280658,100.26464980241042,103.435970532499,120.2331069215131,139.14381049834736,49.759421218498915,109.88175462741756,86.02906485601247,97.28823155962904,121.39192724394815,63.89053137985315,81.00617260431454,141.69685952765502,51.30302135352264,141.84498581197715,129.37542270462347,87.50428560933459,98.2496819333274,143.7358688706476,157.44522857171634,153.44054223053305,57.175169435691224,126.3210196285638,90.95603333479313,130.3572015655445,70.71067811865476,133.57769274845256,158.80806024884254,144.31216164966833,86.30179604156567,133.15029102484155,124.18131904598211,160.3153143027827,139.94641831786907,108.11105401391663,131.32402674301454,85.84870412533901,105.61249926026748,69.33974329343886,98.97474425326898
ctx-lh-lateralorbitofrontal,79.21575979563663,52.7116362864975,60.16374822100099,122.30370640336294,48.3919063480661,85.6413253050185,110.10184648769521,66.89332253670766,93.78708119991794,118.64567670168181,0.0,109.39322008241645,34.68308809780351,67.75954988044121,63.58990957691322,100.13409309520908,37.740119236695584,19.08026729372521,21.054134985793173,123.01965940450332,91.25785774386773,78.1490665331327,83.33724617480469,110.23872550061526,39.38701054916455,36.71725207582942,64.30549432202508,119.82160322746479,47.7027944674104,91.27714171686141,43.63183012434844,29.5018067243347,59.160092968148724,19.395272619893746,114.04944804776567,56.06528872662656,97.7454684371608,122.33722491539524,69.6212367026039,107.91967661182089,135.24021813055464,115.90926019951986,94.94817849753623,140.48835040671523,57.148373555159026,108.37378188473447,45.30205955583035,118.39576259309283,81.99363755804471,100.23510662437587,98.68878659705975,85.49091530683245,92.57535633201742,127.1988860014112,122.8383352215423,77.2083972117023,113.28325825116436,111.18001888828766,43.71586210976514,86.8234795432664,83.3789937574207,130.47573184312859,112.03774631792625,129.8712308403982,55.966209448201866,78.04265884758155,100.97245465967438,81.39555638976859,41.416139366193946,69.86799410316571,52.25893799150534,83.0943836850602
ctx-lh-lingual,60.71243694664216,98.08669634563088,110.69778678907723,22.93468988235943,70.15696686716153,32.046840717924134,54.48853090330111,70.84490101623405,36.124783736376884,42.42640687119285,109.39322008241645,0.0,117.72425408555367,79.40403012442127,48.61069841094653,77.42092740338364,110.91438139393827,128.3199127181748,117.8516016013359,18.788294228055936,88.87631855561975,67.45368781616021,94.87887014504336,49.4064773081425,112.22299229658778,131.0,123.47469376354006,68.5638388656878,89.19641248391103,76.6355009117837,138.56767299770897,97.10303805751909,68.67313885355759,94.15412895885129,61.7980582219215,98.26494797230598,107.80074211247342,22.360679774997898,79.35993951610598,45.39823785126467,59.472682804797024,80.84553172563095,37.013511046643494,43.70354676682432,115.10864433221339,8.94427190999916,119.02940813093208,88.05679985100527,52.16320542297991,78.7210264160726,108.01851693112621,124.96799590295109,119.23086848631104,21.656407827707714,93.08598175880189,68.62215385719105,98.08669634563088,46.04345773288535,111.33283433021904,128.5457117137713,121.35073135337916,63.74950980203691,92.84934033152847,85.37564055396598,138.0470934138057,108.65081684000356,68.93475175845634,96.77809669548166,71.8192174839019,73.63423117002037,59.799665550904216,62.6418390534633
ctx-lh-medialorbitofrontal,103.96634070698073,47.05316142407437,77.18160402582988,130.54118124178285,57.3149195236284,100.0399920031984,129.88456413292536,92.62828941527529,99.9699954986495,137.5027272456805,34.68308809780351,117.72425408555367,0.0,97.08758932015976,75.41883053985921,104.69479452198185,65.70388116390082,40.2119385257662,49.85980344927164,134.320512208672,110.45361017187261,80.97530487747484,100.32447358446493,119.30632841555388,20.71231517720798,44.06812907306141,66.49060083951716,132.68760303811354,79.06326580656784,114.76062042355818,21.6794833886788,42.02380277890139,83.92258337301111,48.92851929090027,103.49879226348489,47.52893855326458,79.7370679169983,129.47200469599596,57.0350769263968,103.00485425454472,129.89996150884727,100.09495491781792,100.44401425669923,139.33054223679747,25.709920264364882,114.10083259994205,11.090536506409418,99.76472322419383,76.90253571892151,102.22524150130437,74.31688906298487,53.16013544000805,63.33245613427605,131.6282644419503,111.41813137905338,78.90500617831546,100.16985574512923,115.52921708381824,20.591260281974,58.60887304837041,70.63285354564121,132.85706605220514,91.35644476444998,116.45600027478189,23.874672772626646,52.78257288158659,88.24397996464121,57.41950887982237,54.67174773134658,57.8013840664737,69.6491205974634,72.90404652692469
ctx-lh-middletemporal,26.324893162176366,91.9565114605812,78.86063656856949,91.58056562393574,57.62811813689564,50.695167422546305,63.702433234531945,16.55294535724685,79.33473388119481,64.69157595854347,67.75954988044121,79.40403012442127,97.08758932015976,0.0,50.25932749251625,99.25220400575496,60.687725282795036,80.65358020571685,68.38128398911503,83.6181798414675,73.30757123244501,84.91760712596653,77.77531742140305,88.66791979064357,96.64884893261792,93.70165420097983,103.2811696293182,93.34880824091971,25.553864678361276,53.96295025292817,110.98648566379602,64.68384651518491,29.68164415931166,50.41825066382212,120.22478945708326,95.60857702110204,131.55227098001768,93.64293886887575,94.37690395430441,103.75933692926145,129.0891165048394,129.77287852244012,81.50460109711598,122.11879462228572,110.89183919477574,84.10112960002381,105.3612832116238,137.09485767161362,88.09086218218096,103.32473082471591,135.8712625980932,135.83077707206124,138.03260484392808,100.91580649234291,137.6880532217665,86.1974477580398,134.58826100369973,96.56603957913983,99.80981915623332,137.66989503882104,124.02015965156633,117.06835610018618,136.5942897781602,141.56977078458522,120.7393887677091,118.95377253370319,115.58979193683152,118.536914081648,51.778373863998475,93.08598175880189,39.8622628559895,97.3498844375277
ctx-lh-parahippocampal,46.57252408878007,69.87131027825369,84.43340571124678,66.61080993352356,22.9128784747792,24.819347291981714,69.58448102845921,38.52272056851645,49.61854492022111,65.07687761409578,63.58990957691322,48.61069841094653,75.41883053985921,50.25932749251625,0.0,81.4186710773395,74.30343195303969,82.37111144084436,75.43208866258443,62.91263784010332,82.55906976220118,59.74110812497538,83.24061508662703,70.83784299369935,74.78636239315294,91.48770409186143,96.21330469326995,87.37276463521113,53.319789947073126,71.65193647069142,95.61380653441218,48.76474136094644,41.701318923986086,50.21951811795888,73.10266752998827,71.18286310622803,96.84007434941384,66.41535966928132,48.91829923454004,55.5517776493246,89.07300376657341,79.51729371652434,51.19570294468082,82.83115355951527,77.95511529078769,48.36320915737499,79.21489758877429,87.29833904490967,38.02630668366309,82.15838362577492,94.20721840708386,97.02576977277738,97.87236586493657,67.66091929614909,101.41991914806479,59.84981202978001,99.24716620639605,69.53416426476987,74.77967638335967,104.24490395218368,101.45442326483355,91.53687781435414,88.53247991556545,98.6610358753647,97.92854537876073,77.6273147803014,69.53416426476987,75.02666192761077,23.68543856465402,46.314144707637645,14.52583904633395,47.94788837894741
ctx-lh-paracentral,79.46068210127572,60.22457969965419,64.31174076325411,68.43975452907469,93.66963221877195,84.85870609430714,68.27151675479314,101.09896141899777,42.1070065428546,93.81897462667133,100.13409309520908,77.42092740338364,104.69479452198185,99.25220400575496,81.4186710773395,0.0,85.74380444090407,114.37657102746174,98.28021163998376,85.34049449118513,47.21228653645151,26.076809620810597,44.11349000022555,35.397740040855716,87.3269717784832,97.70875088752287,69.45502141674135,40.50925820105819,89.49860334105779,62.82515419798029,119.0,108.5679510721281,70.35623639735144,88.02840450672726,78.36453279386026,60.51446108162907,65.12296062065974,68.51277253184256,99.93998198919189,91.8313671900838,72.18725649309579,109.66312051004202,41.376321731154405,94.87887014504336,108.5080642164443,75.59100475585703,105.13800454640558,104.76640682967036,82.28608630868283,7.681145747868608,86.45229898620394,113.81124724736128,100.46890066085126,82.38325072488946,54.56189146281496,28.0178514522438,54.08326913195984,37.17526059088221,88.14193099768123,95.53009996854395,65.46754921333164,42.16633728461603,95.524865872714,73.60027173862879,119.30213744941874,118.32582135780845,70.09992867328754,91.32360045464699,88.64536084872124,90.12213934433647,81.57205403813245,83.67795408588812
ctx-lh-parsopercularis,67.27555276621665,55.74047003748713,30.72458299147443,118.13551540497888,70.09992867328754,89.56003573022959,93.45052166788584,68.4178339323893,89.9166280506559,111.20251795710384,37.740119236695584,110.91438139393827,65.70388116390082,60.687725282795036,74.30343195303969,85.74380444090407,0.0,42.49705872175156,21.047565179849187,120.71039723238425,62.8728876384726,71.66589146867567,54.8270006474912,98.22932352408826,58.80476171195663,38.61346915261564,50.75431016179808,100.5236290630218,35.185224171518364,66.47555941848101,71.08445681019164,61.7980582219215,46.58325879540846,30.215889859476256,125.25573839150046,60.67948582511226,103.38762014864255,119.20570456148481,96.22889378975526,122.24974437601087,138.08330818748513,136.9598481307569,91.25787637239867,146.33523157462798,87.78382538941898,111.74077143102244,74.73954776421918,137.8985134075056,98.76740352970711,88.19863944528849,114.21908772179893,111.89727431890377,113.11056537742175,129.06974858579372,123.01625908797584,71.89575787207477,114.33722053644648,104.2401074443038,64.59876159803684,102.65476121447071,81.8413098624405,121.35073135337916,129.9730741346068,136.1506518530117,84.1486779456457,109.42120452636226,112.52555265360841,103.32473082471591,60.54750201288241,93.17725044236924,61.00819617067857,101.65628362280415
ctx-lh-parsorbitalis,94.50925880568528,63.97655820689325,66.19667665374146,140.84743519141554,66.36264009214823,103.98557592281729,125.97221915962265,81.6394512475433,111.8436408563312,135.7276685130928,19.08026729372521,128.3199127181748,40.2119385257662,80.65358020571685,82.37111144084436,114.37657102746174,42.49705872175156,0.0,21.470910553583888,141.59449141827517,102.7277956543408,93.84028985462481,93.72299611087985,127.10232098588916,46.968074263269514,32.01562118716424,67.80855403265875,135.04443713089407,59.413803110051795,104.31203190428226,38.92300091205713,43.55456348076513,74.4983221287567,35.81898937714463,131.51805959639154,67.36467917239716,108.90821823902914,140.9751751195933,85.38149682454625,126.35268101627285,153.1437233450983,132.14386100004796,112.96902230257638,159.42396306703708,65.26867548832288,127.41271522104849,51.088159097779204,133.99253710561644,100.20479030465559,114.49454135459908,110.40833301884419,93.34345183246653,102.04900783447137,146.2087548678259,137.21151555172037,92.84934033152847,126.56618821786489,128.6157066613561,51.894122981316485,93.4558719396486,90.2884267223657,147.220922426128,126.74778104566565,145.74292435655323,55.362442142665635,88.96628574915331,117.58401251870936,94.41398201537736,59.91660871578097,86.38286867197685,70.63993204979744,100.46890066085126
ctx-lh-parstriangularis,79.25276020429824,55.46169849544819,46.50806381693394,127.98046725965646,64.8459713474939,94.64671151181112,108.71062505569546,72.48448109768049,98.8635423197045,122.21702009131134,21.054134985793173,117.8516016013359,49.85980344927164,68.38128398911503,75.43208866258443,98.28021163998376,21.047565179849187,21.470910553583888,0.0,129.6919426949878,82.13403679352427,80.21845174272562,73.35529974037323,111.20251795710384,48.25971404805462,27.85677655436824,55.308227236099334,116.76472069936193,44.14748010928823,84.68766143896052,52.97169055259611,49.193495504995376,58.31809324729333,25.41653005427767,126.24579200908045,59.841457201508724,103.39245620450265,128.53404218338423,88.24397996464121,122.23747379588634,143.81933110677437,132.57827876390613,100.09495491781792,151.25144627407698,74.06078584514209,117.71575935277315,60.0416522091123,133.90668392578468,96.93296652842108,99.39818911831343,109.74971526158963,100.40916292848975,105.09519494249011,136.01470508735443,127.96093153771584,79.7370679169983,118.09318354587617,114.70396680150168,54.092513345194085,95.25229656024048,82.80700453464067,132.75918047351755,126.15070352558483,138.88844444373333,67.66091929614909,97.19053451854249,112.6454615153225,96.22369770487933,56.32938842203065,87.02298546935747,62.457985878508765,98.49365461794989
ctx-lh-pericalcarine,62.96824596572466,113.03096920755833,119.9458211026962,21.42428528562855,85.32877591996736,41.593268686170845,48.68264577855234,76.90253571892151,47.81213235152768,31.12876483254676,123.01965940450332,18.788294228055936,134.320512208672,83.6181798414675,62.91263784010332,85.34049449118513,120.71039723238425,141.59449141827517,129.6919426949878,0.0,91.85858696931932,79.91870869827665,100.44401425669923,52.51666402200353,128.42507543311004,144.37451298619158,135.71661652133832,67.06713054842886,96.64884893261792,76.83749084919418,154.7578754054216,111.60645142642964,75.9012516365837,106.42368157510809,77.85884663928692,113.5825690852254,123.42609124492276,23.345235059857504,97.66780431646859,62.27358990776106,68.99275324264136,97.94386147176351,48.774993593028796,50.049975024968795,133.15029102484155,26.551836094703507,136.2827942184926,105.23782589924595,70.8801805866774,87.840765023991,125.59060474414477,143.58969322343438,137.45180973708568,26.38181191654584,105.51777101512333,81.57205403813245,111.72287142747452,53.1883445878888,128.00781226159597,145.96232390586277,135.69450983735487,67.47592163134935,110.39021695784459,98.80283396745257,155.2610704587599,127.20849028268515,86.07554821202127,115.35597080342222,86.3075894692929,92.22255689363638,72.3671196055225,81.4186710773395
ctx-lh-postcentral,56.293871780150276,73.98648525237566,45.880278987817846,83.55237878121723,94.76813810558906,83.28265125462805,51.710733895391584,82.4378553820998,63.03967004989794,83.77947242612596,91.25785774386773,88.87631855561975,110.45361017187261,73.30757123244501,82.55906976220118,47.21228653645151,62.8728876384726,102.7277956543408,82.13403679352427,91.85858696931932,0.0,53.52569476429054,15.264337522473747,53.98147830506312,96.08850087289322,90.43229511629129,70.71774883294857,44.11349000022555,63.33245613427605,26.19160170741759,121.90980272316087,104.43179592442141,49.10193478876367,75.48509786706248,113.84199576606166,77.32399368889322,102.34256201600583,85.76129663198896,116.72617529928752,116.16367762773353,110.11811840019789,139.89639023220005,64.10148204214939,121.80722474467596,123.4382436686459,91.40568910084318,115.45994976614185,139.1006829602213,102.6352765865616,54.092513345194085,121.7004519301387,138.55684753919599,130.7019510183379,101.91172650877817,101.06433594498111,56.05354582896607,98.55962662266938,67.07458535093602,99.6393496566492,122.71511724314979,89.3364427319557,77.5306391048081,131.78011989674314,117.7030161040914,128.92633555639438,137.81872151489435,105.99528291391084,119.11758896149637,86.86195945291587,109.29318368498559,76.12489737267302,107.68008172359454
ctx-lh-posteriorcingulate,69.2098258919931,40.53393639902249,57.41080037762929,66.48308055437865,69.12307863514182,68.85491994040804,69.77822009767804,84.0535543567314,32.69556544854363,88.84818512496471,78.1490665331327,67.45368781616021,80.97530487747484,84.91760712596653,59.74110812497538,26.076809620810597,71.66589146867567,93.84028985462481,80.21845174272562,79.91870869827665,53.52569476429054,0.0,48.228622207149975,42.532340636273474,65.37583651472461,81.0617048920142,60.663003552412405,56.00892785976178,74.06753674856482,63.33245613427605,97.2265395866787,83.92258337301111,56.302753041036986,67.05967491719595,64.81512169239521,40.718546143004666,54.63515351859094,65.92419889539804,74.6993975879324,74.57211275000863,69.87846592477543,90.76342875850384,32.37282811247729,88.26097665446491,84.01190391843289,64.48255578061404,81.44937077718895,87.40709353364863,59.89156868875618,24.55605831561735,69.95712972957081,92.00543462209176,81.40024569987489,76.1774244773345,55.25395913416522,3.0,51.39066063011839,39.92492955535426,65.70388116390082,78.70196947980399,56.72741841473134,54.53439281774392,78.61933604400383,68.47627326307996,97.082439194738,93.49331526906082,53.79591062525106,69.07966415668217,64.51356446515724,65.19202405202648,60.01666435249463,60.975404877704584
ctx-lh-precentral,63.90618123468183,62.26556030423239,32.71085446759225,90.93954035511726,92.36882591004391,88.25531145489205,64.47480127925948,86.21484790916237,65.58200972827838,94.81561052906846,83.33724617480469,94.87887014504336,100.32447358446493,77.77531742140305,83.24061508662703,44.11349000022555,54.8270006474912,93.72299611087985,73.35529974037323,100.44401425669923,15.264337522473747,48.228622207149975,0.0,60.024994793835674,84.6994687114388,78.03204469959762,55.767373974394744,53.637673327615545,63.13477647065839,38.691084244306204,110.43097391583576,99.443451267542,51.43928459844674,69.70652767137379,112.0044641967453,65.7419196555744,92.20086767487604,92.57429448826494,112.1160113453917,116.67476162392619,111.30588483993108,137.04743704279917,66.40783086353596,125.95237195067031,114.0,96.17692030835673,105.04284840006957,135.06294828708576,100.80178569846865,49.76946855251722,112.66765285564442,128.59626744194406,120.68968472906042,107.74506949276147,95.68176419778223,50.24937810560445,91.18662182579197,70.35623639735144,88.48163651289458,110.73391531053167,75.84194090343416,80.8084154033477,126.17844506887855,114.16216536138407,117.34138229968147,130.61010680647956,101.95096860746347,111.22050170719426,84.08329203831163,104.60401521930217,76.03946343840151,104.33599570617994
ctx-lh-precuneus,64.1482657598785,82.52272414311103,85.0,35.62302626111375,89.86100377805714,63.984373092185564,42.30839160261236,88.53247991556545,25.019992006393608,62.96824596572466,110.23872550061526,49.4064773081425,119.30632841555388,88.66791979064357,70.83784299369935,35.397740040855716,98.22932352408826,127.10232098588916,111.20251795710384,52.51666402200353,53.98147830506312,42.532340636273474,60.024994793835674,0.0,106.0801583709225,118.36384583140241,97.82126558167197,23.53720459187964,88.48163651289458,54.53439281774392,136.8941196691808,111.02252023801297,65.30696746902278,94.40338976964757,73.28028384224504,83.09632964216891,89.67719888578144,36.837480912787726,100.04498987955368,77.70456872024965,60.01666435249463,104.94284158531252,24.919871588754223,71.23903424387504,121.40428328522844,50.049975024968795,120.6358155772986,104.44615837837216,75.56454194925024,39.370039370059054,103.31021246711285,129.0193783894497,117.80067911519016,53.72150407425317,70.68238818828917,45.05552130427524,75.49834435270749,16.881943016134134,106.49882628461216,118.93275410920239,96.55568341635825,29.68164415931166,100.96534058774823,78.26876771739798,137.60087209025966,124.78781991845197,72.78049189171504,102.22035022440492,86.58521813797087,91.04394543296111,74.59892760623305,81.29575634681062
ctx-lh-rostralanteriorcingulate,99.02524930541705,27.65863337187866,62.369864518050704,121.81132952233959,61.82232606429493,98.06630410084801,120.54459755625716,94.11163583744573,89.05616205518852,132.5971342073425,39.38701054916455,112.22299229658778,20.71231517720798,96.64884893261792,74.78636239315294,87.3269717784832,58.80476171195663,46.968074263269514,48.25971404805462,128.42507543311004,96.08850087289322,65.37583651472461,84.6994687114388,106.0801583709225,0.0,36.61966684720111,47.93745925682754,118.23282116231516,76.72027111526653,104.17773274553444,32.38826948140329,53.225933528685054,77.85884663928692,48.38388161361178,96.25487000666512,28.106938645110393,63.39558344238185,120.8056290079233,61.82232606429493,100.65286881157436,119.4361754243663,99.7897790357309,89.31965069345043,133.24413683160697,34.84250278036869,108.45275469069469,21.863211109075447,97.0051545022222,75.07995737878386,84.59905436823747,64.63745044476924,54.433445601027316,57.56735185849702,125.03199590504823,95.67131231461184,63.20601237224193,83.71977066380438,102.57680049601859,6.4031242374328485,47.81213235152768,50.57667446560717,118.26242006656214,86.08716512930368,104.66613587975817,33.27160951922825,61.48983655857283,79.56129712366435,53.83307533477908,57.445626465380286,58.957611891934704,69.06518659932803,70.7248188403477
ctx-lh-rostralmiddlefrontal,100.18482919085105,46.34652090502587,46.76537180435969,139.00719405843714,80.05623023850174,112.41885962773328,124.47489706764172,96.90201236300514,106.55515003977987,141.19844191774922,36.71725207582942,131.0,44.06812907306141,93.70165420097983,91.48770409186143,97.70875088752287,38.61346915261564,32.01562118716424,27.85677655436824,144.37451298619158,90.43229511629129,81.0617048920142,78.03204469959762,118.36384583140241,36.61966684720111,0.0,38.50973902793941,124.18534535121283,69.02897942168927,99.9799979995999,40.124805295477756,64.89992295835181,77.87810988975015,46.66904755831214,127.28707711311466,49.92995093127971,90.1443287178955,139.02877400020472,93.13968005098579,129.65338406690356,145.83552379307312,134.22741895752895,107.2706856508338,159.1257364476281,67.7126280689208,129.34063553268942,51.42956348249516,132.28378585450298,103.9038016628843,97.28309205612247,98.6154146165801,89.20762299265685,92.46080250571049,146.6015006744474,120.50726119201282,79.91245209602819,108.5080642164443,119.82069938036582,42.871902220452036,77.51773990513398,64.47480127925948,135.2368293032634,121.4495780149112,134.3354011420668,53.5723809439155,95.34149149242423,111.18003417880388,90.21640649017229,72.56031973468694,90.86803618434813,80.77747210701756,102.31813133555558
ctx-lh-superiorfrontal,99.86991538997117,34.336569426778794,31.496031496047245,125.29964086141668,92.57429448826494,113.26517558367179,112.69871339105873,107.70793842609746,91.76600677810929,136.0514608521349,64.30549432202508,123.47469376354006,66.49060083951716,103.2811696293182,96.21330469326995,69.45502141674135,50.75431016179808,67.80855403265875,55.308227236099334,135.71661652133832,70.71774883294857,60.663003552412405,55.767373974394744,97.82126558167197,47.93745925682754,38.50973902793941,0.0,100.92076099594176,79.93747556684536,88.7862601982987,68.6804193347711,88.19863944528849,78.65112840894274,64.50581369148055,115.65898149300814,37.33630940518894,68.70953354520753,125.29165973838802,101.25216047077711,125.60652849274993,127.38524247337287,131.96211577570284,91.9565114605812,147.50593208410297,81.98780397107853,121.35073135337916,69.29646455628166,126.64912159190051,103.24243313676794,68.66585760041157,87.76103919165953,94.19660291114536,88.60022573334675,135.56917053666737,94.5568612000208,59.74110812497538,82.75868534480233,99.44847912361456,52.354560450833695,70.61161377563892,37.33630940518894,110.1544370418187,113.33578428722325,114.44212511134175,74.46475676452586,106.75673280875544,99.22701245124736,88.92693630166283,84.91171886141512,95.17352573063583,88.14760348415605,101.02474944289642
ctx-lh-superiorparietal,68.18357573492314,93.34880824091971,84.19619943916709,53.150729063673246,106.061303028013,79.41032678436729,39.64845520319802,97.10818709048172,47.07440918375928,69.2314957226839,119.82160322746479,68.5638388656878,132.68760303811354,93.34880824091971,87.37276463521113,40.50925820105819,100.5236290630218,135.04443713089407,116.76472069936193,67.06713054842886,44.11349000022555,56.00892785976178,53.637673327615545,23.53720459187964,118.23282116231516,124.18534535121283,100.92076099594176,0.0,92.54728521139883,47.34976240700686,148.35767590522573,124.63546846704592,70.80254232723568,103.16006979447037,96.30160954002794,94.70480452437458,103.92304845413264,55.50675634551167,120.43670536842163,100.93562304756433,80.68457101577724,128.2848393225014,47.3392015141785,92.13576938409967,138.13399291991817,71.02816342831905,135.08885964430968,127.31457104353767,97.53973549277238,47.05316142407437,121.52777460317456,147.15977711317723,135.69450983735487,73.57988855658861,85.70880934886448,58.88972745734183,89.85543945694106,39.153543900903784,119.67455869983394,133.55523202031435,104.86658190291128,42.2965719651132,122.71919165313956,97.77525249264254,151.0231770292229,144.68586662144995,94.72592042308166,121.90570126126177,101.28672173587218,111.61989070053778,88.20997676000147,103.34892355511015
ctx-lh-superiortemporal,38.13135192987524,72.72551134230683,56.19608527290847,99.54898291795854,54.7905101272109,62.8887907341205,72.44998274671983,34.68429039204925,78.74642849044012,82.48636250920512,47.7027944674104,89.19641248391103,79.06326580656784,25.553864678361276,53.319789947073126,89.49860334105779,35.185224171518364,59.413803110051795,44.14748010928823,96.64884893261792,63.33245613427605,74.06753674856482,63.13477647065839,88.48163651289458,76.72027111526653,69.02897942168927,79.93747556684536,92.54728521139883,0.0,52.583267300539625,90.6697303403953,54.85435260760991,23.49468024894146,30.14962686336267,118.50316451470822,76.96752561957543,116.67476162392619,101.15334893121434,89.58794561770016,107.54068997360952,129.69579792730372,128.94960255851896,80.65977932030313,129.48358969382954,96.5090669315583,92.02173656261873,88.02272433866155,133.7235955244997,87.34414691323055,93.04300081145277,123.32072007574396,122.05326705991938,124.11285187280163,109.7679370308106,128.4562182223967,74.97332859090625,123.0,95.72878355019456,80.86408349817613,120.09995836801943,104.10571550111935,115.6027681329474,130.09611831257686,136.09188072769072,101.82828683622247,110.24064586167844,110.14535850411491,107.80538019969133,46.06517122512408,87.55569655939013,39.344631145812,94.10632284814874
