0,38.597,0,13.557,3.9727,5.5833,0,0,48.08,65.681,10.035,4.2969,4.3633,0.99219,2.5703,0,0,62.154,0,0,0,8.7617,7.8908,13.405,11.145,5.3554,1.1953,9.1685,2.7891,11.894,1.9453,6.5234,4.7617,0,0,0,0,10.008,1.8438,0,0,22.848,0,0,0,21.53,4.9297,0,0,1.2109,0,1.2031,0,0,0,2.5078,3.4233,0,4.2695,0,2.0156,9.2031,0,0,0,0,5.1312,0,0,0,0,0,1.8789,0,1.9375,19.336,0,0,0,21.125,0,2.6875,0,0,0,0
38.597,0,11.69,14.579,11.108,17.248,8.1924,11.039,10.075,37.81,42.171,37.536,66.946,25.324,21.684,0,3.0898,44.449,47.299,47.133,62.276,75.883,30.708,76.13,64.989,67.798,58.296,77.267,61.678,78.947,51.46,65.218,72.054,61.899,63.64,65.624,62.274,74.554,53.22,59.461,55.351,68.81,28.725,70.879,66.053,68.227,54.947,52.199,53.541,46.92,28.147,43.388,40.149,41.316,86.444,29.544,1.5781,51.763,107.34,85.801,55.149,48.773,15.68,13.335,15.703,100.77,5.0469,45.612,37.081,10.355,34.931,28.184,68.978,33.897,84.455,97.754,25.097,102.98,101.45,109.23,83.673,93.919,16.395,2.0156,14.584,37.644
0,11.69,0,9.4358,12.315,26.114,0.70312,4.0022,23.969,0,32.038,25.725,28.763,10.37,5.4609,0,14.846,11.438,41.193,57.567,38.764,6.1172,2.5234,31.954,59.496,65.612,86.855,30.687,35.628,23.025,33.501,85.627,37.307,52.718,53.374,42.294,51.134,14.694,47.515,79.943,44.818,96.974,34.009,47.682,53.546,76.447,74.198,49.974,48.593,14.578,19.417,38.023,3.2422,40.726,39.229,0,0,0,25.789,14.17,42.275,12.305,25.637,2.6484,48.787,15.547,1.4922,45.804,23.853,29.52,34.169,0,44.554,48.059,56.071,76.665,29.964,82.665,80.97,35.404,14.488,34.468,42.695,0,2.0352,20.158
13.557,14.579,9.4358,0,6.9936,35.114,5.4446,6.6417,13.55,6.5742,58.178,37.16,74.824,27.908,28.453,4.1152,13.307,51.512,57.196,58.611,56.265,92.804,36.944,77.354,74.532,64.861,82.93,88.242,34.99,91.89,18.401,55.9,77.856,75.415,39.459,47.13,41.899,91.203,51.267,77.945,48.94,95.88,32.04,54.224,58.612,78.571,36.651,50.076,56.251,39.918,26.16,9.7806,34.545,36.25,86.361,21.016,2.1953,32.495,129.08,95.421,63.326,64.57,8.0273,10.184,30.948,120.58,1.6172,52.768,40.099,20.429,49.671,35.133,96.967,32.357,93.461,113.11,26.893,102.01,97.976,123.56,93.47,105.96,15.829,11.926,10.465,32.626
3.9727,11.108,12.315,6.9936,0,30.601,8.6638,6.1392,8.4817,1.1172,15.493,16.432,31.305,25.514,14.773,5.9462,11.548,24.089,7.1414,2.6172,29.883,55.091,5.4609,58.756,70.268,51.303,42.217,78.409,20.539,73.145,7.1843,55.462,27.188,43.379,18.467,15.413,21.676,67.659,60.879,10.998,60.961,73.831,0.74219,48.525,64.114,81.311,44.524,48.941,4.7344,32.92,4.8464,18.303,15.151,3.5391,11.97,6.1797,0,11.844,46.013,32.632,18.831,12.168,2.0888,11.51,1.1426,31.894,1.2812,17.938,5.0234,0,10.953,8.4844,36.755,7.75,28.213,50.511,0.17188,18.398,22.687,57.335,43.219,43.837,0,0.92969,5.4062,15.032
5.5833,17.248,26.114,35.114,30.601,0,10.195,11.453,10.015,3.6146,24.884,4.2891,32.799,6.4824,28.383,2.6973,4.9141,21.426,13.539,32.003,12.561,70.417,18.326,28.158,72.529,34.445,17.83,67.934,17.875,38.402,59.314,47.695,12.995,5.2891,13.984,1.1953,6.7344,60.049,10.262,33.893,3.2578,55.007,35.426,60.339,93.269,78.204,44.204,39.22,22.975,40.141,9.0117,31.759,4.4453,0,14.574,45.708,2.5,35.01,49.6,24.131,26.891,48.318,4.8828,35.762,7.2787,14.559,6.1953,4.3906,2.4375,0,0,39.381,13.617,3.8203,11.738,52.107,5.4844,10.969,11.245,83.766,30.766,28.441,0,0,1.4297,13.562
0,8.1924,0.70312,5.4446,8.6638,10.195,0,2.0527,9.6225,0,0,0,4.2617,4.5312,0,0,3.125,3.3919,0,0,6.5547,9.8216,8.6412,23.33,8.3945,27.239,5.4,23.266,2.1276,47.087,9.7842,14.315,18.41,1.4609,0,0,2.0078,24.452,0,1.4844,0,13.352,3.2812,9.0195,4.0469,22.246,17.644,2.543,3.1719,21.707,0,5.6172,0,0,0,0,0,2.1328,0,1.1328,3.6172,2.5625,0,0,0,4.6562,0,0,0,0,0,0,0,0,0,5.3594,0,0,0,6.6016,0,2.2656,0,0,0,0.42188
0,11.039,4.0022,6.6417,6.1392,11.453,2.0527,0,4.8237,0,6.7643,15.389,19.286,7.6902,3.0781,0.53125,15.803,5.0068,1.2344,45.858,1.5469,5.5859,0,5.2656,1.7812,7.8027,46.415,6.8984,20.972,15.852,13.039,4.7852,6.7703,12.197,2.2266,4.4922,0.96875,12.02,2.5938,57.734,4.8906,82.221,20.38,20.031,50.542,24.335,2.9167,1.9961,9.9199,3.0703,0,16.925,0,26.039,4.6172,0,0,2.6641,3.4766,0.72656,20.465,2.5,14.532,6.1641,32.854,0,9.625,10.975,3.1719,2.7016,3.0293,0,4.9479,19.388,0.91406,35.557,22.935,14.641,45.9,3.0625,2.8438,1.5287,7.3597,1.9609,1.3516,14.194
48.08,10.075,23.969,13.55,8.4817,10.015,9.6225,4.8237,0,59.786,29.596,8.2422,33.264,19.017,21.625,3.3023,7.5799,18.19,26.325,15.864,62.132,89.917,13.294,66.739,79.275,51.658,61.919,88.153,25.585,82.16,6.5429,51.137,37.979,53.807,47.926,25.633,49.408,84.05,69.891,22.641,71.804,82.042,5.1436,85.039,75.125,86.568,51.787,64.777,10.422,45.607,9.8268,29.592,17.586,2.9857,27.904,8.8476,4.7292,23.16,87.547,56.211,39.26,38.24,3.7656,8.9518,3.9584,63.903,12.219,19.733,3.1797,1.875,0,8.2422,36.264,9.5391,53.03,83.478,3.1562,26.545,40.966,99.144,58.625,65.006,2.207,0,9.3476,28.385
65.681,37.81,0,6.5742,1.1172,3.6146,0,0,59.786,0,29.636,7.2363,20.366,4.6094,5.7083,0,0,45.728,0,0,0,2.7969,4.3333,4.7031,1.8984,5.75,2.2188,10.469,0,0,0,2.8438,5.2383,0,0,0,0,3.6484,4.0078,0,0,12.359,0,0,0,6.3203,2.793,2.1172,0,0,2.7031,0,0,0,0,15.312,8.0789,10.839,27.873,6.3738,31.646,30.206,0,8.3281,0,0.96875,8.3469,1.9219,0,2.625,0,6.3359,12.111,1.4648,3.0625,56.251,0,0,2.8789,72.978,2.9953,5.8594,0,0,0.65625,2.8984
10.035,42.171,32.038,58.178,15.493,24.884,0,6.7643,29.596,29.636,0,11.85,19.49,11.107,18.496,15.508,18.318,9.9833,35.282,27.519,85.506,29.98,3.4141,52.689,86.203,89.233,47.317,51.926,14.991,15.21,6.6572,87.816,14.992,37.106,44.609,24.021,33.959,19.898,53.95,23.909,82.003,99.492,18.462,99.116,93.789,108.28,92.157,82.98,3.2578,12.297,25.542,23.98,43.329,46.653,60.235,78.51,13.935,82.897,69.641,80.163,58.22,80.716,61.418,78.771,36.74,65.41,57.75,63.205,71.797,63.286,63.628,75.328,56.885,52.919,58.794,70.972,26.344,68.903,66.893,70.538,56.128,58.76,53.239,35.91,26.279,46.293
4.2969,37.536,25.725,37.16,16.432,4.2891,0,15.389,8.2422,7.2363,11.85,0,10.069,12.818,31.104,3.0339,4.2058,23.47,4.4219,43.359,46.206,0,0,4.7344,32.848,16.734,51.672,7.2781,33.753,2.0938,47.159,22.098,17.315,27.06,43.242,43.353,42.794,0,26.233,56.969,49.04,79.322,39.364,74.715,72.16,20.806,12.865,18.602,48.318,0.83594,2.8828,22.399,19.947,45.101,39.816,6.4531,3.2188,24.32,78.979,38.025,58.587,27.154,34.534,8.6094,34.166,70.755,21.59,59.491,49.273,41.753,48.531,10.383,53.877,61.948,47.228,92.183,20.689,46.561,52.128,74.622,51.225,58.887,47.016,6.375,10.082,31.079
4.3633,66.946,28.763,74.824,31.305,32.799,4.2617,19.286,33.264,20.366,19.49,10.069,0,7.7192,27.247,5.5917,6.7209,13.385,48.595,17.605,76.111,69.678,6.3828,72.319,125.6,130.63,68.391,111.12,24.555,45.413,31.052,117.05,18.956,53.48,34.149,30.759,32.912,43.261,85.646,30.259,93.328,124.23,19.247,98.563,95.674,132.62,104.2,109.31,10.395,14.714,24.298,35.075,64.743,44.944,60.911,94.241,36.291,77.223,73.806,58.294,73.124,86.662,29.726,90.024,33.585,54.93,75.738,72.552,37.145,43.281,41.755,87.672,51.886,62.087,46.56,88.689,23.31,51.729,59.485,80.666,38.516,49.592,54.723,38.658,27.307,10.853
0.99219,25.324,10.37,27.908,25.514,6.4824,4.5312,7.6902,19.017,4.6094,11.107,12.818,7.7192,0,28.709,11.7,7.0231,8.9984,11.603,1.0195,25.01,7.4544,0,18.452,33.142,43.149,21.422,19.176,0,9.0625,6.5009,30.872,1.8984,26.491,9.3047,1.25,12.176,11.781,35.901,6.8359,45.436,55.282,1.9062,18.667,42.154,62.955,35.118,52.445,0,4.2266,1.5391,8.1406,25.617,14.351,27.753,58.702,2.9349,52.159,81.251,68.514,57.955,71.662,27.667,44.587,17.746,78.412,22.789,68.381,33.203,41.24,47.398,54.928,62.535,22.254,63.021,75.189,0.64844,58.137,68.335,78.554,50.866,51.425,26.155,18.553,10.38,14.402
2.5703,21.684,5.4609,28.453,14.773,28.383,0,3.0781,21.625,5.7083,18.496,31.104,27.247,28.709,0,11.479,26.679,11.676,9.2891,0,5.0859,28.837,0,43.392,41.211,41.632,23.306,52.884,0,22.813,2.8516,39.687,5.5078,5.2109,0,5.125,3.0391,36.693,28.206,2.5156,10.977,67.894,1.1953,8.2422,3.125,93.621,32.863,48.911,2.5234,2.5391,2.7891,3.8125,20.434,51.804,27.574,72.107,17.686,26.312,70.177,33.049,18.224,70.015,18.568,39.988,39.747,46.646,13.044,13.26,3.3255,2.4062,4.4219,59.71,9.9948,30.727,5.9531,54.547,38.58,46.769,105.36,79.114,55.844,40.444,17.713,38.286,7.4141,37.995
0,0,0,4.1152,5.9462,2.6973,0,0.53125,3.3023,0,15.508,3.0339,5.5917,11.7,11.479,0,4.9372,9.5358,0,0,0,0,1.9375,0,3.9258,2.0547,0,2.3359,0,0,0,1.8281,0,0,0,0,0,0,4.3672,1.375,2.5938,7.8672,0,2.9531,0,3.5703,0,1.8594,0,0,1.5938,0,0.84375,1.7031,2.0469,14.299,8.7974,21.188,23.095,27.499,9.752,22.112,3.2828,31.93,0.29492,23.722,21.022,0,0,0,0,18.519,0,0,2,21.103,1.5625,2.1406,7.8242,30.181,12.066,1.5469,0,20.015,0,6.3407
0,3.0898,14.846,13.307,11.548,4.9141,3.125,15.803,7.5799,0,18.318,4.2058,6.7209,7.0231,26.679,4.9372,0,4.0963,0,18.139,1.0898,3.3359,0,1.8359,0,7.0156,16.164,4.9062,19.081,3.6953,31.23,2.1895,0,7.4609,0,0.64062,1.1641,1.2305,5.0443,12.868,5.8893,26.265,20.434,13.681,35.513,4.3503,2.8438,2.2188,5.1335,1.013,0,9.7771,1.1641,33.185,0,3.4518,0.80469,4.4141,7.9479,4.6289,23.281,10.379,16.058,11.057,14.378,2.4405,0,23.071,1.2969,5.7753,0,4.5547,3.0703,31.995,4.3752,48.857,16.348,17.611,36.069,1.8594,3.3984,4.2344,22.931,1.3672,0,12.302
62.154,44.449,11.438,51.512,24.089,21.426,3.3919,5.0068,18.19,45.728,9.9833,23.47,13.385,8.9984,11.676,9.5358,4.0963,0,23.653,3.0703,48.488,31.87,4.5391,45.342,102.51,98.978,52.602,71.137,5.3516,10.611,9.7111,77.194,10.172,20.547,14.594,3.3867,11.555,26.601,51.849,11.784,62.505,107.66,1.1641,53.932,77.433,117.25,90.63,86.213,2.8516,2.4922,18.922,25.066,33.065,16.441,55.004,88.333,9.7734,81.319,78.004,71.552,69.247,85.057,31.272,84.932,11.252,62.189,61.69,73.834,41.759,35.878,50.476,82.238,70.472,48.617,72.383,79.964,9.7227,83.14,79.668,85.006,56.842,61.751,29.146,34.31,21.244,16.329
0,47.299,41.193,57.196,7.1414,13.539,0,1.2344,26.325,0,35.282,4.4219,48.595,11.603,9.2891,0,0,23.653,0,6.7149,60.525,24.128,0,17.504,26.223,52.948,38.228,45.045,58.417,17.758,7.4115,22.354,5.4831,0,95.429,81.573,96.105,23.406,24.602,19.367,47.807,63.643,3.7793,112.09,81.679,63.898,17.807,30.293,13.719,22.962,8.2125,55.283,7.4609,1.4219,4.0156,0,0,8.0143,66.896,24.188,11.707,5.8359,0,0,2.6953,23.306,0,8.1094,0,5.1641,7.1094,1.8281,37.768,3.6562,6.7774,38.609,0,10.435,8.7383,79.371,55.735,72.168,0,0,7.0312,14.863
0,47.133,57.567,58.611,2.6172,32.003,0,45.858,15.864,0,27.519,43.359,17.605,1.0195,0,0,18.139,3.0703,6.7149,0,9.3809,6.9062,12.812,10.801,18.087,8.7984,64.306,6.4531,43.051,17.148,60.085,39.754,47.498,48.465,12.322,4.0469,13.487,2.2969,10.943,23.242,22.481,79.44,19.138,48.862,23.082,37.037,27.396,18.695,48.14,4.0352,8.0234,34.639,1.4688,11.682,42.902,0,0,0,11.844,2.0312,3.6406,0,13.518,0,52.783,3.6406,0,2.6094,18.128,10.761,20.95,0,0,6.9063,29.552,7.1133,12.99,67.226,55.494,8.5781,0,3.5391,30.382,0,0,4.7773
0,62.276,38.764,56.265,29.883,12.561,6.5547,1.5469,62.132,0,85.506,46.206,76.111,25.01,5.0859,0,1.0898,48.488,60.525,9.3809,0,9.1992,8.0781,98.445,98.194,118.04,27.291,87.667,41.808,9.4818,23.948,102.78,10.527,14.625,35.676,51.389,60.889,6.7578,63.619,11.118,26.171,51.654,0,31.301,27.758,86.777,102,86.422,16.608,42.546,0,64.213,15.539,49.795,96.658,5.25,0,7.9609,101.2,41.475,18.56,17.026,14.102,0,24.09,64.845,5.9844,71.9,104.55,18.867,57.13,0,63.389,46.292,104.25,92.73,16.355,103.15,93.839,93.905,53.387,72.147,14.551,0,11.641,19.548
8.7617,75.883,6.1172,92.804,55.091,70.417,9.8216,5.5859,89.917,2.7969,29.98,0,69.678,7.4544,28.837,0,3.3359,31.87,24.128,6.9062,9.1992,0,29.497,73.642,35.341,78.181,55.872,22.196,30.04,42.559,45.474,83.971,63.726,2.5859,1.4062,6.8008,8.3359,13.841,1.1289,5.1888,4.3138,21.97,3.5885,42.663,53.624,16.179,100.56,21.565,16.812,37.596,25.95,70.102,1.9141,0,2.1953,72.593,0,72.636,84.975,66.585,70.415,120.71,0,54.878,4.6588,40.611,5.8021,1.6938,0,3.1641,0,95.055,7.1832,6.9258,12.379,103.12,2.5703,0,2.875,123.38,15.529,14.961,3.6016,2.6406,3.9766,10.052
7.8908,30.708,2.5234,36.944,5.4609,18.326,8.6412,0,13.294,4.3333,3.4141,0,6.3828,0,0,1.9375,0,4.5391,0,12.812,8.0781,29.497,0,15.138,32.932,19.917,35.268,41.654,0,40.709,13.044,11.768,14.751,1.5234,0,0,0,27.254,5.457,6.5508,1.8984,42.9,19.337,24.631,49.742,46.276,15.325,9.4805,4.9297,6.5927,4.2422,7.8535,0,0,2.4453,0,0,3.3594,7.5169,0,5.1719,1.8516,0,1.5,2.9453,2.2812,0,2.4844,0,0,0,6.6016,0,0,4.4688,11.094,0,0,0,9.1641,2.3867,4.5234,0,0,0,0
13.405,76.13,31.954,77.354,58.756,28.158,23.33,5.2656,66.739,4.7031,52.689,4.7344,72.319,18.452,43.392,0,1.8359,45.342,17.504,10.801,98.445,73.642,15.138,0,62.358,22.356,64.206,30.822,78.407,25.319,52.954,72.734,21.238,11.566,66.047,31.77,41.777,57.455,49.346,10.126,63.878,74.686,7.3359,133.6,116.8,68.975,90.712,69.303,22.655,41.417,27.1,71.138,9.9948,2.2031,20.214,92.174,1.4688,84.424,128.06,83.961,63.451,97.538,5.6562,51.16,4.332,83.924,16.031,29.04,4.7578,2.3281,2.5234,84.234,52.598,9.25,36.526,124.19,4.2031,45.098,52.897,132.02,59.806,70.662,4.7734,1.4844,7.9981,32.387
11.145,64.989,59.496,74.532,70.268,72.529,8.3945,1.7812,79.275,1.8984,86.203,32.848,125.6,33.142,41.211,3.9258,0,102.51,26.223,18.087,98.194,35.341,32.932,62.358,0,63.088,60.526,21.657,91.1,44.31,52.52,44.517,69.588,20.242,99.196,71.468,109.11,41.088,67.283,26.139,84.344,64.644,17.526,133.64,116.45,35.587,76.178,22.508,54.489,94.645,54.594,82.975,24.283,9.5,89.906,82.138,5.1641,121.01,124.51,127.12,67.236,100.23,8.3945,51.89,5.6992,116.19,19.899,34.943,22.788,2.5859,12.563,93.222,79.338,24.07,110.71,113.9,0,82.226,98.981,125.03,115.57,110.76,11.586,11.766,12.449,76.64
5.3554,67.798,65.612,64.861,51.303,34.445,27.239,7.8027,51.658,5.75,89.233,16.734,130.63,43.149,41.632,2.0547,7.0156,98.978,52.948,8.7984,118.04,78.181,19.917,22.356,63.088,0,72.459,33.917,91.47,87.12,41.313,20.331,60.093,9.2865,128.69,114.99,138.44,91.512,92.84,43.577,98.406,86.461,11.551,143.72,128.54,90.456,69.042,81.32,26.37,26.171,23.932,68.787,53.692,10.781,46.694,37.546,0,82.553,139.44,128.17,71.109,74.227,11.336,28.987,5.7487,139.44,17.129,34.579,7.0051,9.0391,5.7656,37.787,84.961,16.957,47.806,124.22,0,45.129,70.031,140.27,122.74,119.3,2.9375,2.5234,11.375,77.059
1.1953,58.296,86.855,82.93,42.217,17.83,5.4,46.415,61.919,2.2188,47.317,51.672,68.391,21.422,23.306,0,16.164,52.602,38.228,64.306,27.291,55.872,35.268,64.206,60.526,72.459,0,65.415,56.741,21.705,97.462,77.837,19.697,28.764,21.695,9.9297,26.33,52.312,28.41,20.513,26.118,21.425,83.62,95.739,110.11,57.632,71.643,54.128,61.381,32.601,43.246,65.645,8.3151,7.7266,37.938,63.774,1.9453,54.572,68.739,67.598,14.641,71.772,12.281,36.396,28.35,49.163,9.3145,32.209,3.6953,7.3516,17.688,58.346,68.515,19.205,46.998,52.831,6.8255,39.809,35.578,78.689,57.84,61.153,22.939,4.9024,8.6261,31.567
9.1685,77.267,30.687,88.242,78.409,67.934,23.266,6.8984,88.153,10.469,51.926,7.2781,111.12,19.176,52.884,2.3359,4.9062,71.137,45.045,6.4531,87.667,22.196,41.654,30.822,21.657,33.917,65.415,0,93.363,23.211,67.725,55.405,70.646,5.8398,51.885,41.783,42.021,16.671,27.075,7.3789,54.245,63.648,7.6862,131.31,122.55,32.944,103.89,66.86,40.058,96.92,35.218,92.033,1.7422,6.7344,32.634,136.46,4.4688,121.48,125.81,116.19,69.113,129.58,8.6094,80.575,1.4961,78.929,34.824,14.521,5.8516,2.6484,2.6094,121.77,27.779,17.357,15.132,116.4,2.3828,36.859,58.868,139.65,64.231,36.126,0,12.027,5.4609,39.721
2.7891,61.678,35.628,34.99,20.539,17.875,2.1276,20.972,25.585,0,14.991,33.753,24.555,0,0,0,19.081,5.3516,58.417,43.051,41.808,30.04,0,78.407,91.1,91.47,56.741,93.363,0,103.46,13.217,105.78,25.234,55.146,45.214,15.653,17.754,59.815,79.942,66.211,82.36,105.88,27.826,25.399,67.664,73.426,102.45,96.174,39.417,41.761,44.256,19.799,0,31.048,25.602,0,3.2109,0,6.1354,12.635,33.171,0,23.437,0,68.766,13.344,7.7422,47.386,3.9922,24.159,7.8555,0,48.638,39.954,45.955,53.729,37.344,64.854,81.856,31.596,11.13,31.694,47.951,0,0,9.1133
11.894,78.947,23.025,91.89,73.145,38.402,47.087,15.852,82.16,0,15.21,2.0938,45.413,9.0625,22.813,0,3.6953,10.611,17.758,17.148,9.4818,42.559,40.709,25.319,44.31,87.12,21.705,23.211,103.46,0,78.487,104.62,18.575,3.3984,1.7656,36.068,25.641,17.956,2.0625,17.301,9.513,24.245,15.81,100.59,107.5,53.116,110.6,18.289,49.883,93.141,15.226,90.47,1.6719,0,0,84.632,0,47.756,52.672,19.779,42.758,89.069,4.2812,27.663,4.7812,19.754,1.3086,1.5781,0,2.6055,0,68.256,6.4141,0,7.6797,80.301,2.2266,21.869,7.0976,85.915,4.0469,4.8281,7.4141,0,1.7031,6.6328
1.9453,51.46,33.501,18.401,7.1843,59.314,9.7842,13.039,6.5429,0,6.6572,47.159,31.052,6.5009,2.8516,0,31.23,9.7111,7.4115,60.085,23.948,45.474,13.044,52.954,52.52,41.313,97.462,67.725,13.217,78.487,0,50.285,42.04,71.096,13.609,26.234,22.027,67.647,18.867,101.95,23.453,135.59,15.021,38.22,28.391,77.876,40.123,38.36,11.452,21.896,6.5351,19.973,3.1875,49.274,22.148,2.0977,0,2.1953,20.295,0,37.148,3.4219,55.399,6.4844,48.39,12.13,2.3125,28.72,8.0234,38.359,13.448,3.9805,20.944,37.865,15.524,87.141,44.346,88.953,96.191,30.307,9.7734,2.9141,79.329,1.3516,1.3906,19.561
6.5234,65.218,85.627,55.9,55.462,47.695,14.315,4.7852,51.137,2.8438,87.816,22.098,117.05,30.872,39.687,1.8281,2.1895,77.194,22.354,39.754,102.78,83.971,11.768,72.734,44.517,20.331,77.837,55.405,105.78,104.62,50.285,0,47.866,14.564,118.27,139.43,134.44,104.24,81.783,55.775,101.81,95.372,15.96,134.63,132.33,100.06,29.032,65.875,51.215,22.176,26.309,66.678,39.152,6.5859,57.204,29.658,0,62.899,129.41,90.761,63.015,49.387,8.375,9.4805,9.8164,108.92,11.797,27.979,6.7656,8.2109,7.3359,29.611,97.687,17.832,42.564,113.37,4.8516,85.414,63.413,138,108.04,128.89,6.2461,4.9844,18.336,64.523
4.7617,72.054,37.307,77.856,27.188,12.995,18.41,6.7703,37.979,5.2383,14.992,17.315,18.956,1.8984,5.5078,0,0,10.172,5.4831,47.498,10.527,63.726,14.751,21.238,69.588,60.093,19.697,70.646,25.234,18.575,42.04,47.866,0,7.3008,1.9453,4.3828,3.375,52.975,3.1055,42.146,6.1172,47.345,36.136,31.486,121.21,81.227,60.06,15.944,20.785,44.197,18.133,35.902,2.2031,1.2461,4.2656,4.8906,0,9.5299,33.891,21.56,11.743,10.003,0,3.6016,5.1992,4.6641,0.45312,11.488,4.4062,0,2.1953,11.789,27.614,4.6641,28.612,17.38,0,14.77,18.2,47.474,16.529,21.32,2.9062,0,2.0781,1.3281
0,61.899,52.718,75.415,43.379,5.2891,1.4609,12.197,53.807,0,37.106,27.06,53.48,26.491,5.2109,0,7.4609,20.547,0,48.465,14.625,2.5859,1.5234,11.566,20.242,9.2865,28.764,5.8398,55.146,3.3984,71.096,14.564,7.3008,0,36.904,17.682,55.36,0,21.798,24.676,19.009,24.443,35.671,63.498,25.662,28.392,32.65,52.183,50.448,0,14.548,55.004,4.9948,5.0156,44.578,2.0234,0,4.0781,23.699,34.055,27.83,5.8711,14.457,2.0625,13.717,26.174,7.2774,82.896,20.762,11.034,15.424,1.5156,108.78,51.838,98.637,56.617,2.9219,57.684,82.307,59.704,41.912,104.59,10.602,0,13.923,19.135
0,63.64,53.374,39.459,18.467,13.984,0,2.2266,47.926,0,44.609,43.242,34.149,9.3047,0,0,0,14.594,95.429,12.322,35.676,1.4062,0,66.047,99.196,128.69,21.695,51.885,45.214,1.7656,13.609,118.27,1.9453,36.904,0,51.621,18.2,2.5469,54.411,21.965,21.361,90.607,5.1406,29.6,66.516,93.372,102.74,75.365,7.7336,30.01,51.702,22.177,4.5,23.485,103.14,0,0,2.6172,29.896,14.491,0,5.6719,2.7812,0,7.0391,24.702,0,28.815,71.238,16.931,40.809,0,37.23,10.156,80.729,14.102,5.9082,99.874,99.19,26.658,9.2598,32.703,14.789,0,0,11.949
0,65.624,42.294,47.13,15.413,1.1953,0,4.4922,25.633,0,24.021,43.353,30.759,1.25,5.125,0,0.64062,3.3867,81.573,4.0469,51.389,6.8008,0,31.77,71.468,114.99,9.9297,41.783,15.653,36.068,26.234,139.43,4.3828,17.682,51.621,0,15.84,26.121,74.424,11.438,74.138,40.07,13.595,22.127,72.57,61.17,126.94,100.32,32.365,29.486,50.991,57.785,0,24.738,12.555,2.25,0,2.6328,8.3906,0,9.8415,5.8203,10.283,2.2539,67.858,5.3828,2.7969,23.187,9.5521,46.233,23.352,1.8594,17.934,15.223,26.93,35.558,27.508,86.491,87.888,13.336,0,19.277,64.594,0,0,9.1641
0,62.274,51.134,41.899,21.676,6.7344,2.0078,0.96875,49.408,0,33.959,42.794,32.912,12.176,3.0391,0,1.1641,11.555,96.105,13.487,60.889,8.3359,0,41.777,109.11,138.44,26.33,42.021,17.754,25.641,22.027,134.44,3.375,55.36,18.2,15.84,0,14.617,90.611,24.404,72.353,71.671,7.3763,26.019,70.74,110.13,116.29,100.16,31.278,30.678,77.255,34.972,6.7812,18.027,45.237,0,0,6.0156,10.688,3.5625,1.8594,0,3.8066,0,19.372,9.7812,0,29.005,30.109,28.012,47.965,0,35.837,14.039,55.664,19.871,27.447,89.048,93.031,11.254,13.659,19.401,25.892,0,0,4.2148
10.008,74.554,14.694,91.203,67.659,60.049,24.452,12.02,84.05,3.6484,19.898,0,43.261,11.781,36.693,0,1.2305,26.601,23.406,2.2969,6.7578,13.841,27.254,57.455,41.088,91.512,52.312,16.671,59.815,17.956,67.647,104.24,52.975,0,2.5469,26.121,14.617,0,1.7969,1.2969,13.59,28.607,5.8867,66.804,64.268,30.448,107.56,29.939,21.94,75.276,16.627,95.731,0,0,7.0312,98.067,5.4844,81.111,93.484,67.331,60.032,122.33,0,63.207,0,33.699,13.375,1.9688,0,3.125,0,88.766,1.7305,0,6.7359,108.53,2.4531,2.5938,9.3359,124.44,21.344,4.2891,2.875,4.8776,3.5117,9.7129
1.8438,53.22,47.515,51.267,60.879,10.262,0,2.5938,69.891,4.0078,53.95,26.233,85.646,35.901,28.206,4.3672,5.0443,51.849,24.602,10.943,63.619,1.1289,5.457,49.346,67.283,92.84,28.41,27.075,79.942,2.0625,18.867,81.783,3.1055,21.798,54.411,74.424,90.611,1.7969,0,46.313,29.666,36.293,4.5677,98.066,66.594,21.007,61.59,23.737,12.25,9.1875,38.872,24.121,47.759,3.1641,66.262,8.4938,3.9609,34.751,77.947,82.278,64.541,21.133,29.262,4.75,8.599,112.85,22.346,108.41,41.11,17.921,38.235,3.25,115.83,71.85,112.14,106.75,1.2539,50.563,79.809,115.94,118.76,117.73,5.6354,2.0625,75.39,82.59
0,59.461,79.943,77.945,10.998,33.893,1.4844,57.734,22.641,0,23.909,56.969,30.259,6.8359,2.5156,1.375,12.868,11.784,19.367,23.242,11.118,5.1888,6.5508,10.126,26.139,43.577,20.513,7.3789,66.211,17.301,101.95,55.775,42.146,24.676,21.965,11.438,24.404,1.2969,46.313,0,45.55,33.915,73.504,73.672,41.743,53.971,58.387,46.44,74.244,7.8203,30.551,49.003,1.7773,10.099,43.67,0.75781,0,4.3125,17.638,20.529,9.4947,4.0234,19.385,0,56.898,16.518,1.0312,50.931,8.2187,8.2109,7.2812,4.5,75.714,11.09,74.115,19.621,7.6693,73.407,56.672,45.669,20.969,63.414,28.115,0,7.8659,6.9609
0,55.351,44.818,48.94,60.961,3.2578,0,4.8906,71.804,0,82.003,49.04,93.328,45.436,10.977,2.5938,5.8893,62.505,47.807,22.481,26.171,4.3138,1.8984,63.878,84.344,98.406,26.118,54.245,82.36,9.513,23.453,101.81,6.1172,19.009,21.361,74.138,72.353,13.59,29.666,45.55,0,73.734,17.654,68.907,30.352,64.417,78.217,57.503,22.148,20.193,38.754,25.174,15.211,38.307,103.03,2.1602,2.1016,20.652,106.83,49.015,40.962,24.695,12.769,0,14.888,54.362,18.823,100.23,82.101,6.1016,19.664,0,114.13,68.916,105.5,103.64,11.187,101.18,100.23,94.293,46.375,97.479,10.219,0,17.828,35.16
22.848,68.81,96.974,95.88,73.831,55.007,13.352,82.221,82.042,12.359,99.492,79.322,124.23,55.282,67.894,7.8672,26.265,107.66,63.643,79.44,51.654,21.97,42.9,74.686,64.644,86.461,21.425,63.648,105.88,24.245,135.59,95.372,47.345,24.443,90.607,40.07,71.671,28.607,36.293,33.915,73.734,0,109.61,130.37,99.968,17.198,87.853,75.266,126.12,81.327,71.903,100.74,38.121,20.958,88.272,96.539,0,116.41,113.76,129.1,55.586,112.34,37.745,50.36,78.523,127.96,13.602,89.29,25.32,24.7,14.432,103.63,106.78,45.774,115.92,58.348,21.992,124.89,114.5,111.69,116.59,108.35,31.937,13.28,25.295,73.64
0,28.725,34.009,32.04,0.74219,35.426,3.2812,20.38,5.1436,0,18.462,39.364,19.247,1.9062,1.1953,0,20.434,1.1641,3.7793,19.138,0,3.5885,19.337,7.3359,17.526,11.551,83.62,7.6862,27.826,15.81,15.021,15.96,36.136,35.671,5.1406,13.595,7.3763,5.8867,4.5677,73.504,17.654,109.61,0,31.456,21.359,25.304,19.978,26.527,35.081,3.9336,5.2031,24.23,2.8281,17.745,21.633,1.5234,0,0,9.6055,0,3.3867,1.7734,17.905,0,39.797,0.86719,0,1.2891,7.0755,18.796,18.827,0,4.9141,5.3922,10.451,10.578,13.652,69.989,61.241,2.625,0.88281,4.2344,43.503,0,0,10.062
0,70.879,47.682,54.224,48.525,60.339,9.0195,20.031,85.039,0,99.116,74.715,98.563,18.667,8.2422,2.9531,13.681,53.932,112.09,48.862,31.301,42.663,24.631,133.6,133.64,143.72,95.739,131.31,25.399,100.59,38.22,134.63,31.486,63.498,29.6,22.127,26.019,66.804,98.066,73.672,68.907,130.37,31.456,0,32.3,129.7,142.44,117.92,11.906,72.932,37.171,68.035,22.088,64.67,106.36,0,0,19.355,87.307,42.191,38.895,16.023,51.9,12.172,88.884,72.801,10.016,62.416,100.36,80.398,87.199,0,66.431,70.94,92.144,130.4,66.643,97.481,95.023,72.873,57.059,46.799,95.918,0,2.3125,37.563
0,66.053,53.546,58.612,64.114,93.269,4.0469,50.542,75.125,0,93.789,72.16,95.674,42.154,3.125,0,35.513,77.433,81.679,23.082,27.758,53.624,49.742,116.8,116.45,128.54,110.11,122.55,67.664,107.5,28.391,132.33,121.21,25.662,66.516,72.57,70.74,64.268,66.594,41.743,30.352,99.968,21.359,32.3,0,85.192,125.87,117.15,35.514,39.083,42.468,67.923,17.641,51.907,94.408,14.766,0,36.803,128.23,85.179,49.287,28.131,59.22,10.625,96.075,75.189,8.4766,81.019,99.549,85.574,81.033,13.148,80.673,61.007,99.994,124.44,58.708,95.471,81.127,107.95,42.53,58.309,100.08,4.7031,2.0781,47.474
21.53,68.227,76.447,78.571,81.311,78.204,22.246,24.335,86.568,6.3203,108.28,20.806,132.62,62.955,93.621,3.5703,4.3503,117.25,63.898,37.037,86.777,16.179,46.276,68.975,35.587,90.456,57.632,32.944,73.426,53.116,77.876,100.06,81.227,28.392,93.372,61.17,110.13,30.448,21.007,53.971,64.417,17.198,25.304,129.7,85.192,0,98.938,39.889,42.13,86.354,73.424,88.7,91.66,11.113,98.783,123.67,15.992,131.61,124.43,147.06,75.696,133.58,51.74,84.72,11.094,140.57,42.893,89.661,33.805,5.6875,33.954,120.52,114.72,62.907,123.55,110.65,2.1953,90.498,108.87,120.25,132.7,119.26,11.672,18.815,70.681,101.25
4.9297,54.947,74.198,36.651,44.524,44.204,17.644,2.9167,51.787,2.793,92.157,12.865,104.2,35.118,32.863,0,2.8438,90.63,17.807,27.396,102,100.56,15.325,90.712,76.178,69.042,71.643,103.89,102.45,110.6,40.123,29.032,60.06,32.65,102.74,126.94,116.29,107.56,61.59,58.387,78.217,87.853,19.978,142.44,125.87,98.938,0,29.632,29.573,12.492,15.565,23.612,38.099,3.6094,53.462,11.336,0,41.93,124.76,90.383,62.673,38.333,8.6172,1.9609,8.4766,116.68,4.3438,57.168,15.706,8.5,11.336,13.602,112.67,32.33,62.841,115.2,2,41.206,45.613,133.73,124.82,125.08,7.1641,7.1875,36.189,62.58
0,52.199,49.974,50.076,48.941,39.22,2.543,1.9961,64.777,2.1172,82.98,18.602,109.31,52.445,48.911,1.8594,2.2188,86.213,30.293,18.695,86.422,21.565,9.4805,69.303,22.508,81.32,54.128,66.86,96.174,18.289,38.36,65.875,15.944,52.183,75.365,100.32,100.16,29.939,23.737,46.44,57.503,75.266,26.527,117.92,117.15,39.889,29.632,0,21.059,49.834,35.96,30.276,80.206,12.602,72.27,6.0391,1.8906,55.461,116.46,103.63,66.839,34.343,12.984,5.5912,12.442,129.07,17.91,101.34,30.842,12.797,18.434,10.328,116.72,54.665,96.033,107.01,0,57.61,59.135,120.46,124.32,119.15,2.8438,9.2904,66.229,85.549
0,53.541,48.593,56.251,4.7344,22.975,3.1719,9.9199,10.422,0,3.2578,48.318,10.395,0,2.5234,0,5.1335,2.8516,13.719,48.14,16.608,16.812,4.9297,22.655,54.489,26.37,61.381,40.058,39.417,49.883,11.452,51.215,20.785,50.448,7.7336,32.365,31.278,21.94,12.25,74.244,22.148,126.12,35.081,11.906,35.514,42.13,29.573,21.059,0,15.504,0,41.251,0,24.305,5.4961,0,0,2.8906,0,0,14.477,0,21.718,0,86.073,0,2.4297,11.504,3.3659,30.189,4.9062,0,0,13.465,8.5938,27.355,39.075,86.839,99.373,9.9844,1.625,0,78.032,0,0,2.3203
1.2109,46.92,14.578,39.918,32.92,40.141,21.707,3.0703,45.607,0,12.297,0.83594,14.714,4.2266,2.5391,0,1.013,2.4922,22.962,4.0352,42.546,37.596,6.5927,41.417,94.645,26.171,32.601,96.92,41.761,93.141,21.896,22.176,44.197,0,30.01,29.486,30.678,75.276,9.1875,7.8203,20.193,81.327,3.9336,72.932,39.083,86.354,12.492,49.834,15.504,0,3.4328,16.574,5.0703,0,0,0,0,0,30.887,15.48,15.238,12.953,0,1.6172,0,7.9115,0,0,0,0,0,1.5547,2.3099,0,0,35.948,0,5.3359,5.0547,43.505,14.777,19.547,0,0,0,2.1953
0,28.147,19.417,26.16,4.8464,9.0117,0,0,9.8268,2.7031,25.542,2.8828,24.298,1.5391,2.7891,1.5938,0,18.922,8.2125,8.0234,0,25.95,4.2422,27.1,54.594,23.932,43.246,35.218,44.256,15.226,6.5351,26.309,18.133,14.548,51.702,50.991,77.255,16.627,38.872,30.551,38.754,71.903,5.2031,37.171,42.468,73.424,15.565,35.96,0,3.4328,0,16.94,0,1.25,7.4785,1.9141,0,7.8344,26.292,22.725,7.2132,5.9062,0,0,0,20.277,0,25.778,2.0703,0,2.0156,0,87.147,15.76,23.787,26.994,0,6.8203,1.8672,76.951,43.995,87.561,0,0,10.12,14.137
1.2031,43.388,38.023,9.7806,18.303,31.759,5.6172,16.925,29.592,0,23.98,22.399,35.075,8.1406,3.8125,0,9.7771,25.066,55.283,34.639,64.213,70.102,7.8535,71.138,82.975,68.787,65.645,92.033,19.799,90.47,19.973,66.678,35.902,55.004,22.177,57.785,34.972,95.731,24.121,49.003,25.174,100.74,24.23,68.035,67.923,88.7,23.612,30.276,41.251,16.574,16.94,0,10.758,6.6882,41.865,3.2031,0,12.125,61.187,24.855,18.469,14.359,11.536,0,14.382,22.979,1.9766,38.229,16.014,6.9206,13.599,4.3125,76.231,14.783,58.083,64.284,5.6289,72.919,67.488,95.561,44.714,75.948,13.273,0,7.2774,9.2656
0,40.149,3.2422,34.545,15.151,4.4453,0,0,17.586,0,43.329,19.947,64.743,25.617,20.434,0.84375,1.1641,33.065,7.4609,1.4688,15.539,1.9141,0,9.9948,24.283,53.692,8.3151,1.7422,0,1.6719,3.1875,39.152,2.2031,4.9948,4.5,0,6.7812,0,47.759,1.7773,15.211,38.121,2.8281,22.088,17.641,91.66,38.099,80.206,0,5.0703,0,10.758,0,2.9245,29.274,25.27,1.5234,26.217,28.264,55.425,46.76,55.758,62.246,14.061,4.3125,23.044,16.828,15.822,53.31,79.201,90.101,24.47,28.561,21.992,32.976,75.97,1.4922,99.226,83.589,69.471,22.54,27.172,8.1309,16.924,8.1586,59.902
0,41.316,40.726,36.25,3.5391,0,0,26.039,2.9857,0,46.653,45.101,44.944,14.351,51.804,1.7031,33.185,16.441,1.4219,11.682,49.795,0,0,2.2031,9.5,10.781,7.7266,6.7344,31.048,0,49.274,6.5859,1.2461,5.0156,23.485,24.738,18.027,0,3.1641,10.099,38.307,20.958,17.745,64.67,51.907,11.113,3.6094,12.602,24.305,0,1.25,6.6882,2.9245,0,12.537,2.3359,5.0495,19.234,14.73,11.781,68.805,6.5677,16.164,17.093,53.652,23.825,53.975,55.464,16.792,3.8203,17.849,1.8359,12.626,22.483,21.13,77.932,15.742,41.43,20.575,36.301,31.917,12.953,40.331,2.2703,5.4115,19.479
0,86.444,39.229,86.361,11.97,14.574,0,4.6172,27.904,0,60.235,39.816,60.911,27.753,27.574,2.0469,0,55.004,4.0156,42.902,96.658,2.1953,2.4453,20.214,89.906,46.694,37.938,32.634,25.602,0,22.148,57.204,4.2656,44.578,103.14,12.555,45.237,7.0312,66.262,43.67,103.03,88.272,21.633,106.36,94.408,98.783,53.462,72.27,5.4961,0,7.4785,41.865,29.274,12.537,0,5.4932,0,74.965,97.596,114.13,6.4766,72.209,30.926,6.4219,6.0951,112.76,4.1797,12.062,39.892,36.09,56.233,7.2656,64.176,16.559,25.108,45.028,2.625,29.611,27.94,88.375,87.487,80.046,23.463,17.811,5.1953,48.465
2.5078,29.544,0,21.016,6.1797,45.708,0,0,8.8476,15.312,78.51,6.4531,94.241,58.702,72.107,14.299,3.4518,88.333,0,0,5.25,72.593,0,92.174,82.138,37.546,63.774,136.46,0,84.632,2.0977,29.658,4.8906,2.0234,0,2.25,0,98.067,8.4938,0.75781,2.1602,96.539,1.5234,0,14.766,123.67,11.336,6.0391,0,0,1.9141,3.2031,25.27,2.3359,5.4932,0,16.566,64.596,29.161,73.81,62.735,19.471,31.016,42.284,12.584,89.738,61.008,3.8711,6.1758,13.789,0,14.384,1.2617,4.0156,7.2774,18.882,0,33.636,47.329,17.011,99.191,18.707,16.603,27.878,16.618,79.02
3.4233,1.5781,0,2.1953,0,2.5,0,0,4.7292,8.0789,13.935,3.2188,36.291,2.9349,17.686,8.7974,0.80469,9.7734,0,0,0,0,0,1.4688,5.1641,0,1.9453,4.4688,3.2109,0,0,0,0,0,0,0,0,5.4844,3.9609,0,2.1016,0,0,0,0,15.992,0,1.8906,0,0,0,0,1.5234,5.0495,0,16.566,0,11.408,35.218,18.067,30.922,31.633,2.5,30.403,8.8594,14.516,14.05,1.8281,0,0,5.3151,16.384,0,13.003,1.9336,38.957,6.5,4.75,30.98,38.954,9.0872,1.6328,0,5.2407,0,9.1667
0,51.763,0,32.495,11.844,35.01,2.1328,2.6641,23.16,10.839,82.897,24.32,77.223,52.159,26.312,21.188,4.4141,81.319,8.0143,0,7.9609,72.636,3.3594,84.424,121.01,82.553,54.572,121.48,0,47.756,2.1953,62.899,9.5299,4.0781,2.6172,2.6328,6.0156,81.111,34.751,4.3125,20.652,116.41,0,19.355,36.803,131.61,41.93,55.461,2.8906,0,7.8344,12.125,26.217,19.234,74.965,64.596,11.408,0,62.959,23.39,54.517,31.923,57.972,24.485,27.715,73.646,20.699,23.642,35.307,24.426,15.869,50.337,51.429,26.051,51.558,75.001,16.981,120.05,123.25,69.048,90.065,47.207,41.285,32.372,11.326,70.284
4.2695,107.34,25.789,129.08,46.013,49.6,0,3.4766,87.547,27.873,69.641,78.979,73.806,81.251,70.177,23.095,7.9479,78.004,66.896,11.844,101.2,84.975,7.5169,128.06,124.51,139.44,68.739,125.81,6.1354,52.672,20.295,129.41,33.891,23.699,29.896,8.3906,10.688,93.484,77.947,17.638,106.83,113.76,9.6055,87.307,128.23,124.43,124.76,116.46,0,30.887,26.292,61.187,28.264,14.73,97.596,29.161,35.218,62.959,0,65.661,61.346,22.182,111.16,51.827,51.612,44.193,65.855,47.516,105.66,123.19,115.92,52.161,65.47,38.239,84.034,63.861,10.129,122.86,117.31,30.811,75.31,24.886,58.369,70.681,32.847,78.149
0,85.801,14.17,95.421,32.632,24.131,1.1328,0.72656,56.211,6.3738,80.163,38.025,58.294,68.514,33.049,27.499,4.6289,71.552,24.188,2.0312,41.475,66.585,0,83.961,127.12,128.17,67.598,116.19,12.635,19.779,0,90.761,21.56,34.055,14.491,0,3.5625,67.331,82.278,20.529,49.015,129.1,0,42.191,85.179,147.06,90.383,103.63,0,15.48,22.725,24.855,55.425,11.781,114.13,73.81,18.067,23.39,65.661,0,76.31,36.831,79.632,85.197,22.559,22.69,59.33,23.397,98.051,70.841,80.725,84.127,87.478,26.949,95.332,90.942,11.195,139.96,140.37,94.915,73.144,84.383,19.232,20.31,8.75,52.589
2.0156,55.149,42.275,63.326,18.831,26.891,3.6172,20.465,39.26,31.646,58.22,58.587,73.124,57.955,18.224,9.752,23.281,69.247,11.707,3.6406,18.56,70.415,5.1719,63.451,67.236,71.109,14.641,69.113,33.171,42.758,37.148,63.015,11.743,27.83,0,9.8415,1.8594,60.032,64.541,9.4947,40.962,55.586,3.3867,38.895,49.287,75.696,62.673,66.839,14.477,15.238,7.2132,18.469,46.76,68.805,6.4766,62.735,30.922,54.517,61.346,76.31,0,67.679,42.5,17.075,77.048,77.569,16.253,35.269,21.469,14.936,24.766,54.221,21.81,21.205,28.227,20.862,85.957,69.693,105.51,57.984,74.21,61.294,44.705,19.527,45.731,62.572
9.2031,48.773,12.305,64.57,12.168,48.318,2.5625,2.5,38.24,30.206,80.716,27.154,86.662,71.662,70.015,22.112,10.379,85.057,5.8359,0,17.026,120.71,1.8516,97.538,100.23,74.227,71.772,129.58,0,89.069,3.4219,49.387,10.003,5.8711,5.6719,5.8203,0,122.33,21.133,4.0234,24.695,112.34,1.7734,16.023,28.131,133.58,38.333,34.343,0,12.953,5.9062,14.359,55.758,6.5677,72.209,19.471,31.633,31.923,22.182,36.831,67.679,0,101.66,22.971,35.936,58.231,70.724,18.028,26.524,69.084,44.959,15.675,28.207,5.043,41.67,58.913,5.3359,112.41,112.41,35.191,97.626,48.027,39.191,61.415,18.552,90.031
0,15.68,25.637,8.0273,2.0888,4.8828,0,14.532,3.7656,0,61.418,34.534,29.726,27.667,18.568,3.2828,16.058,31.272,0,13.518,14.102,0,0,5.6562,8.3945,11.336,12.281,8.6094,23.437,4.2812,55.399,8.375,0,14.457,2.7812,10.283,3.8066,0,29.262,19.385,12.769,37.745,17.905,51.9,59.22,51.74,8.6172,12.984,21.718,0,0,11.536,62.246,16.164,30.926,31.016,2.5,57.972,111.16,79.632,42.5,101.66,0,105.77,12.229,100.8,8.5781,27.634,44.577,14.654,15.876,68.733,63.535,23.003,49.581,69.176,15.1,24.379,65.985,99.648,89.01,94.027,25.356,32.19,44.613,19.939
0,13.335,2.6484,10.184,11.51,35.762,0,6.1641,8.9518,8.3281,78.771,8.6094,90.024,44.587,39.988,31.93,11.057,84.932,0,0,0,54.878,1.5,51.16,51.89,28.987,36.396,80.575,0,27.663,6.4844,9.4805,3.6016,2.0625,0,2.2539,0,63.207,4.75,0,0,50.36,0,12.172,10.625,84.72,1.9609,5.5912,0,1.6172,0,0,14.061,17.093,6.4219,42.284,30.403,24.485,51.827,85.197,17.075,22.971,105.77,0,40.837,103.65,17.118,0,12.729,71.814,27.764,17.841,0,18.724,3.6094,21.857,13.223,81.783,89.488,54.452,104.9,15.156,48.362,78.997,4.9766,90.454
0,15.703,48.787,30.948,1.1426,7.2787,0,32.854,3.9584,0,36.74,34.166,33.585,17.746,39.747,0.29492,14.378,11.252,2.6953,52.783,24.09,4.6588,2.9453,4.332,5.6992,5.7487,28.35,1.4961,68.766,4.7812,48.39,9.8164,5.1992,13.717,7.0391,67.858,19.372,0,8.599,56.898,14.888,78.523,39.797,88.884,96.075,11.094,8.4766,12.442,86.073,0,0,14.382,4.3125,53.652,6.0951,12.584,8.8594,27.715,51.612,22.559,77.048,35.936,12.229,40.837,0,44.083,23.657,86.774,11.453,23.327,15.367,13.465,16.46,79.82,26.38,135.71,13.827,34.692,25.533,58.1,29.142,19.956,8.4447,10.433,1.9766,32.337
0,100.77,15.547,120.58,31.894,14.559,4.6562,0,63.903,0.96875,65.41,70.755,54.93,78.412,46.646,23.722,2.4405,62.189,23.306,3.6406,64.845,40.611,2.2812,83.924,116.19,139.44,49.163,78.929,13.344,19.754,12.13,108.92,4.6641,26.174,24.702,5.3828,9.7812,33.699,112.85,16.518,54.362,127.96,0.86719,72.801,75.189,140.57,116.68,129.07,0,7.9115,20.277,22.979,23.044,23.825,112.76,89.738,14.516,73.646,44.193,22.69,77.569,58.231,100.8,103.65,44.083,0,56.539,53.678,115.87,121.09,137.54,100.61,86.014,66.239,107.24,94.365,9.582,136.95,145.63,102.13,31.133,68.06,42.084,19.653,26.533,59.663
5.1312,5.0469,1.4922,1.6172,1.2812,6.1953,0,9.625,12.219,8.3469,57.75,21.59,75.738,22.789,13.044,21.022,0,61.69,0,0,5.9844,5.8021,0,16.031,19.899,17.129,9.3145,34.824,7.7422,1.3086,2.3125,11.797,0.45312,7.2774,0,2.7969,0,13.375,22.346,1.0312,18.823,13.602,0,10.016,8.4766,42.893,4.3438,17.91,2.4297,0,0,1.9766,16.828,53.975,4.1797,61.008,14.05,20.699,65.855,59.33,16.253,70.724,8.5781,17.118,23.657,56.539,0,14.191,4.5938,2.4453,3.9922,48.739,3.0469,50.977,7.0351,46.848,34.196,52.117,113.76,76.588,54.439,19.067,31.039,31.631,7.9781,34.441
0,45.612,45.804,52.768,17.938,4.3906,0,10.975,19.733,1.9219,63.205,59.491,72.552,68.381,13.26,0,23.071,73.834,8.1094,2.6094,71.9,1.6938,2.4844,29.04,34.943,34.579,32.209,14.521,47.386,1.5781,28.72,27.979,11.488,82.896,28.815,23.187,29.005,1.9688,108.41,50.931,100.23,89.29,1.2891,62.416,81.019,89.661,57.168,101.34,11.504,0,25.778,38.229,15.822,55.464,12.062,3.8711,1.8281,23.642,47.516,23.397,35.269,18.028,27.634,0,86.774,53.678,14.191,0,33.003,15.734,43.176,1.0312,22.844,23.714,18.4,17.414,49.41,70.799,25.977,34.196,68.274,68.542,50.569,0,39.063,56.239
0,37.081,23.853,40.099,5.0234,2.4375,0,3.1719,3.1797,0,71.797,49.273,37.145,33.203,3.3255,0,1.2969,41.759,0,18.128,104.55,0,0,4.7578,22.788,7.0051,3.6953,5.8516,3.9922,0,8.0234,6.7656,4.4062,20.762,71.238,9.5521,30.109,0,41.11,8.2187,82.101,25.32,7.0755,100.36,99.549,33.805,15.706,30.842,3.3659,0,2.0703,16.014,53.31,16.792,39.892,6.1758,0,35.307,105.66,98.051,21.469,26.524,44.577,12.729,11.453,115.87,4.5938,33.003,0,52.417,20.953,7.832,54.093,25.245,20.401,94.569,3.4583,28.825,66.748,97.818,90.08,71.988,13.001,7.4141,13.116,23.644
0,10.355,29.52,20.429,0,0,0,2.7016,1.875,2.625,63.286,41.753,43.281,41.24,2.4062,0,5.7753,35.878,5.1641,10.761,18.867,3.1641,0,2.3281,2.5859,9.0391,7.3516,2.6484,24.159,2.6055,38.359,8.2109,0,11.034,16.931,46.233,28.012,3.125,17.921,8.2109,6.1016,24.7,18.796,80.398,85.574,5.6875,8.5,12.797,30.189,0,0,6.9206,79.201,3.8203,36.09,13.789,0,24.426,123.19,70.841,14.936,69.084,14.654,71.814,23.327,121.09,2.4453,15.734,52.417,0,16.997,39.061,76.543,12.456,63.828,40.023,2.5898,21.849,65.99,81.968,114.03,110.56,35.672,3.8203,36.905,53.246
0,34.931,34.169,49.671,10.953,0,0,3.0293,0,0,63.628,48.531,41.755,47.398,4.4219,0,0,50.476,7.1094,20.95,57.13,0,0,2.5234,12.563,5.7656,17.688,2.6094,7.8555,0,13.448,7.3359,2.1953,15.424,40.809,23.352,47.965,0,38.235,7.2812,19.664,14.432,18.827,87.199,81.033,33.954,11.336,18.434,4.9062,0,2.0156,13.599,90.101,17.849,56.233,0,5.3151,15.869,115.92,80.725,24.766,44.959,15.876,27.764,15.367,137.54,3.9922,43.176,20.953,16.997,0,22.706,83.084,27.081,61.766,76.736,8.7779,26.558,67.914,106.44,121.28,99.953,17.618,13.159,57.797,36.248
0,28.184,0,35.133,8.4844,39.381,0,0,8.2422,6.3359,75.328,10.383,87.672,54.928,59.71,18.519,4.5547,82.238,1.8281,0,0,95.055,6.6016,84.234,93.222,37.787,58.346,121.77,0,68.256,3.9805,29.611,11.789,1.5156,0,1.8594,0,88.766,3.25,4.5,0,103.63,0,0,13.148,120.52,13.602,10.328,0,1.5547,0,4.3125,24.47,1.8359,7.2656,14.384,16.384,50.337,52.161,84.127,54.221,15.675,68.733,17.841,13.465,100.61,48.739,1.0312,7.832,39.061,22.706,0,2.1953,2.3281,3.4609,24.819,1.7969,54.642,49.941,32.527,104.02,14.951,10.883,51.202,11.941,92.856
1.8789,68.978,44.554,96.967,36.755,13.617,0,4.9479,36.264,12.111,56.885,53.877,51.886,62.535,9.9948,0,3.0703,70.472,37.768,0,63.389,7.1832,0,52.598,79.338,84.961,68.515,27.779,48.638,6.4141,20.944,97.687,27.614,108.78,37.23,17.934,35.837,1.7305,115.83,75.714,114.13,106.78,4.9141,66.431,80.673,114.72,112.67,116.72,0,2.3099,87.147,76.231,28.561,12.626,64.176,1.2617,0,51.429,65.47,87.478,21.81,28.207,63.535,0,16.46,86.014,3.0469,22.844,54.093,76.543,83.084,2.1953,0,48.73,28.484,27.162,3.0703,94.16,72.299,28.515,68.633,23.625,14.562,6.1172,44.956,29.469
